0 3.0063540533612483
1 5.999283377991619
2 8.940699148781121
3 11.95653498935416
4 15.045537116435902
5 18.06390528649591
6 21.041535386573248
7 24.058367411919956
8 27.070797794503783
9 30.000502760061984
10 33.10968612137872
11 36.15881562596833
12 39.13299508045936
13 42.30878864846539
14 45.2258754646898
15 48.04302467064917
16 51.147782430354006
17 54.15600007821205
18 57.02576679575499
19 60.04725558366508
20 62.930406792322636
21 65.88866043470796
22 68.80951287634927
23 71.70477259660275
24 74.63527371455099
25 77.64643059072087
26 80.60309057845942
27 83.58503600765874
28 86.52012620848862
29 89.71948725713003
30 92.7736465796023
31 95.4938982795913
32 98.53342182544311
33 101.52208222185544
34 104.4402644245463
35 107.32050688149117
36 110.43132637361856
37 113.28831102087743
38 116.48936000161727
39 119.5349151090235
40 122.39575362994731
41 125.57488378459492
42 128.52351158878886
43 131.38824316705575
44 134.15710478691673
45 136.99315312556624
46 140.1306698295485
47 143.29084954613413
48 145.83598045582244
49 149.1000099161888
50 152.0595454357257
51 154.97762432750986
52 158.15670676778032
53 161.2889110831694
54 164.1513155958279
55 167.04342688347228
56 170.0708737759468
57 173.1153859961182
58 176.04359841861353
59 178.99841419279366
60 181.64163375695026
61 184.5132272430956
62 187.72772321804982
63 190.523023727628
64 193.56830629356674
65 196.5779629203438
66 199.5014406933541
67 202.45519748389012
68 205.50284315580382
69 208.26257695813106
70 211.36417740631904
71 214.24958818415246
72 217.51760543536128
73 220.78756941564885
74 223.9663622002876
75 226.63860239488346
76 229.57927087320223
77 232.60382548703703
78 235.59261083724368
79 238.4990447793718
80 241.19623453972562
81 243.83123308359782
82 246.59097803964056
83 249.6172911263288
84 252.81208762884506
85 255.8249307319283
86 258.86554162203
87 261.9038265504167
88 264.883368624284
89 267.91162534068195
90 270.94672049084915
91 273.9225694883244
92 276.55259527219886
93 279.50208042141327
94 282.4245542022302
95 285.43197580402875
96 288.3368667900302
97 290.84692428065586
98 293.6570432281958
99 296.7796671196545
100 299.6712933418375
101 302.93644086079166
102 305.84017669722516
103 309.0310670301137
104 312.28976176639105
105 315.5881971781158
106 318.4905298981416
107 321.74526117597213
108 325.0467083207934
109 327.64526016179923
110 330.4381299702699
111 333.2565258763371
112 336.2893748945006
113 339.77473859152263
114 342.90038497879056
115 345.5258670693361
116 348.0573181147344
117 351.05293591408764
118 353.8947219330338
119 357.0025558336189
120 360.1840010391913
121 363.27182426282263
122 366.2827275099458
123 368.9644871748315
124 371.76734494709416
125 375.0852322136238
126 377.9464427647401
127 381.10054797859556
128 384.3019897512808
129 387.4319356823976
130 390.40612679674047
131 393.46143698519967
132 396.7156818362802
133 399.603310276924
134 402.19629465933434
135 404.94027505485036
136 407.412659201406
137 410.89134649184695
138 413.88009362479255
139 417.15519367166513
140 420.17952424168465
141 423.0993970839711
142 426.18802275816756
143 429.18630179418386
144 431.76943960145576
145 434.4869490676617
146 437.26841388134915
147 440.2433301305274
148 443.23793393132496
149 446.63126453923235
150 449.9977506968103
151 453.1779638810066
152 456.408396430576
153 459.80863141177934
154 463.1214778282824
155 466.4629885192927
156 468.72221565891977
157 471.2548427694539
158 474.0955055202667
159 477.056098435944
160 479.8366046955588
161 482.66385336304256
162 485.2029870214678
163 488.4951978127421
164 491.7496268436654
165 494.8112736912295
166 497.3107966782473
167 500.5256007491828
168 503.09452116969584
169 505.7867542273868
170 509.3141360557316
171 512.3618306744729
172 514.9599711326998
173 518.0476674304343
174 520.7289326591964
175 523.3392310557272
176 526.4600877036892
177 529.2109208191223
178 532.8579087728438
179 536.058955298166
180 539.3983781302056
181 542.3316118630385
182 545.1534855014861
183 547.9181571485764
184 551.2814994534921
185 554.2996003208805
186 557.4868220420165
187 560.8672763951058
188 563.9412776531568
189 567.4817610911235
190 570.1069577603544
191 573.265463098486
192 576.5374295535471
193 579.7822642739072
194 582.18787290334
195 584.7898429683895
196 588.3115963334267
197 591.3372671715445
198 594.4101834192513
199 598.2589571916686
200 601.3161322364012
