0 -100.0 0
0 -99.5 0.0
0 -99.0 0.0
0 -98.5 0.0
0 -98.0 0.0
0 -97.5 0.0
0 -97.0 0.0
0 -96.5 0.0
0 -96.0 0.0
0 -95.5 0.0
0 -95.0 0.0
0 -94.5 0.0
0 -94.0 0.0
0 -93.5 0.0
0 -93.0 0.0
0 -92.5 0.0
0 -92.0 0.0
0 -91.5 0.0
0 -91.0 0.0
0 -90.5 0.0
0 -90.0 0.0
0 -89.5 0.0
0 -89.0 0.0
0 -88.5 0.0
0 -88.0 0.0
0 -87.5 0.0
0 -87.0 0.0
0 -86.5 0.0
0 -86.0 0.0
0 -85.5 0.0
0 -85.0 0.0
0 -84.5 0.0
0 -84.0 0.0
0 -83.5 0.0
0 -83.0 0.0
0 -82.5 0.0
0 -82.0 0.0
0 -81.5 0.0
0 -81.0 0.0
0 -80.5 0.0
0 -80.0 0.0
0 -79.5 0.0
0 -79.0 0.0
0 -78.5 0.0
0 -78.0 0.0
0 -77.5 0.0
0 -77.0 0.0
0 -76.5 0.0
0 -76.0 0.0
0 -75.5 0.0
0 -75.0 0.0
0 -74.5 0.0
0 -74.0 0.0
0 -73.5 0.0
0 -73.0 0.0
0 -72.5 0.0
0 -72.0 0.0
0 -71.5 0.0
0 -71.0 0.0
0 -70.5 0.0
0 -70.0 0.0
0 -69.5 0.0
0 -69.0 0.0
0 -68.5 0.0
0 -68.0 0.0
0 -67.5 0.0
0 -67.0 0.0
0 -66.5 0.0
0 -66.0 0.0
0 -65.5 0.0
0 -65.0 0.0
0 -64.5 0.0
0 -64.0 0.0
0 -63.5 0.0
0 -63.0 0.0
0 -62.5 0.0
0 -62.0 0.0
0 -61.5 0.0
0 -61.0 0.0
0 -60.5 0.0
0 -60.0 0.0
0 -59.5 0.0
0 -59.0 0.0
0 -58.5 0.0
0 -58.0 0.0
0 -57.5 0.0
0 -57.0 0.0
0 -56.5 0.0
0 -56.0 0.0
0 -55.5 0.0
0 -55.0 0.0
0 -54.5 0.0
0 -54.0 0.0
0 -53.5 0.0
0 -53.0 0.0
0 -52.5 0.0
0 -52.0 0.0
0 -51.5 0.0
0 -51.0 0.0
0 -50.5 0.0
0 -50.0 0.0
0 -49.5 0.0
0 -49.0 0.0
0 -48.5 0.0
0 -48.0 0.0
0 -47.5 0.0
0 -47.0 0.0
0 -46.5 0.0
0 -46.0 0.0
0 -45.5 0.0
0 -45.0 0.0
0 -44.5 0.0
0 -44.0 0.0
0 -43.5 0.0
0 -43.0 0.0
0 -42.5 0.0
0 -42.0 0.0
0 -41.5 0.0
0 -41.0 0.0
0 -40.5 0.0
0 -40.0 0.0
0 -39.5 0.0
0 -39.0 0.0
0 -38.5 0.0
0 -38.0 0.0
0 -37.5 0.0
0 -37.0 0.0
0 -36.5 0.0
0 -36.0 0.0
0 -35.5 0.0
0 -35.0 0.0
0 -34.5 0.0
0 -34.0 0.0
0 -33.5 0.0
0 -33.0 0.0
0 -32.5 0.0
0 -32.0 0.0
0 -31.5 0.0
0 -31.0 0.0
0 -30.5 0.0
0 -30.0 0.0
0 -29.5 0.0
0 -29.0 0.0
0 -28.5 0.0
0 -28.0 0.0
0 -27.5 0.0
0 -27.0 0.0
0 -26.5 0.0
0 -26.0 0.0
0 -25.5 0.0
0 -25.0 0.0
0 -24.5 0.0
0 -24.0 0.0
0 -23.5 0.0
0 -23.0 0.0
0 -22.5 0.0
0 -22.0 0.0
0 -21.5 0.0
0 -21.0 0.0
0 -20.5 0.0
0 -20.0 0.0
0 -19.5 0.0
0 -19.0 0.0
0 -18.5 0.0
0 -18.0 0.0
0 -17.5 0.0
0 -17.0 0.0
0 -16.5 0.0
0 -16.0 0.0
0 -15.5 0.0
0 -15.0 0.0
0 -14.5 0.0
0 -14.0 0.0
0 -13.5 0.0
0 -13.0 0.0
0 -12.5 0.0
0 -12.0 0.0
0 -11.5 0.0
0 -11.0 0.0
0 -10.5 0.0
0 -10.0 0.0
0 -9.5 0.0
0 -9.0 0.0
0 -8.5 0.0
0 -8.0 0.0
0 -7.5 0.0
0 -7.0 0.0
0 -6.5 0.0
0 -6.0 0.0
0 -5.5 0.0
0 -5.0 0.0
0 -4.5 0.0
0 -4.0 0.0
0 -3.5 0.0
0 -3.0 0.0
0 -2.5 0.0
0 -2.0 0.0
0 -1.5 0.0
0 -1.0 0.0
0 -0.5 0.0
0 0.0 0.0
0 0.5 0.01
0 1.0 0.0
0 1.5 0.0
0 2.0 0.0
0 2.5 0.0
0 3.0 0.0
0 3.5 0.0
0 4.0 0.0
0 4.5 0.0
0 5.0 0.0
0 5.5 0.0
0 6.0 0.0
0 6.5 0.0
0 7.0 0.0
0 7.5 0.0
0 8.0 0.0
0 8.5 0.0
0 9.0 0.0
0 9.5 0.0
0 10.0 0.0
0 10.5 0.0
0 11.0 0.0
0 11.5 0.0
0 12.0 0.0
0 12.5 0.0
0 13.0 0.0
0 13.5 0.0
0 14.0 0.0
0 14.5 0.0
0 15.0 0.0
0 15.5 0.0
0 16.0 0.0
0 16.5 0.0
0 17.0 0.0
0 17.5 0.0
0 18.0 0.0
0 18.5 0.0
0 19.0 0.0
0 19.5 0.0
0 20.0 0.0
0 20.5 0.0
0 21.0 0.0
0 21.5 0.0
0 22.0 0.0
0 22.5 0.0
0 23.0 0.0
0 23.5 0.0
0 24.0 0.0
0 24.5 0.0
0 25.0 0.0
0 25.5 0.0
0 26.0 0.0
0 26.5 0.0
0 27.0 0.0
0 27.5 0.0
0 28.0 0.0
0 28.5 0.0
0 29.0 0.0
0 29.5 0.0
0 30.0 0.0
0 30.5 0.0
0 31.0 0.0
0 31.5 0.0
0 32.0 0.0
0 32.5 0.0
0 33.0 0.0
0 33.5 0.0
0 34.0 0.0
0 34.5 0.0
0 35.0 0.0
0 35.5 0.0
0 36.0 0.0
0 36.5 0.0
0 37.0 0.0
0 37.5 0.0
0 38.0 0.0
0 38.5 0.0
0 39.0 0.0
0 39.5 0.0
0 40.0 0.0
0 40.5 0.0
0 41.0 0.0
0 41.5 0.0
0 42.0 0.0
0 42.5 0.0
0 43.0 0.0
0 43.5 0.0
0 44.0 0.0
0 44.5 0.0
0 45.0 0.0
0 45.5 0.0
0 46.0 0.0
0 46.5 0.0
0 47.0 0.0
0 47.5 0.0
0 48.0 0.0
0 48.5 0.0
0 49.0 0.0
0 49.5 0.0
0 50.0 0.0
0 50.5 0.0
0 51.0 0.0
0 51.5 0.0
0 52.0 0.0
0 52.5 0.0
0 53.0 0.0
0 53.5 0.0
0 54.0 0.0
0 54.5 0.0
0 55.0 0.0
0 55.5 0.0
0 56.0 0.0
0 56.5 0.0
0 57.0 0.0
0 57.5 0.0
0 58.0 0.0
0 58.5 0.0
0 59.0 0.0
0 59.5 0.0
0 60.0 0.0
0 60.5 0.0
0 61.0 0.0
0 61.5 0.0
0 62.0 0.0
0 62.5 0.0
0 63.0 0.0
0 63.5 0.0
0 64.0 0.0
0 64.5 0.0
0 65.0 0.0
0 65.5 0.0
0 66.0 0.0
0 66.5 0.0
0 67.0 0.0
0 67.5 0.0
0 68.0 0.0
0 68.5 0.0
0 69.0 0.0
0 69.5 0.0
0 70.0 0.0
0 70.5 0.0
0 71.0 0.0
0 71.5 0.0
0 72.0 0.0
0 72.5 0.0
0 73.0 0.0
0 73.5 0.0
0 74.0 0.0
0 74.5 0.0
0 75.0 0.0
0 75.5 0.0
0 76.0 0.0
0 76.5 0.0
0 77.0 0.0
0 77.5 0.0
0 78.0 0.0
0 78.5 0.0
0 79.0 0.0
0 79.5 0.0
0 80.0 0.0
0 80.5 0.0
0 81.0 0.0
0 81.5 0.0
0 82.0 0.0
0 82.5 0.0
0 83.0 0.0
0 83.5 0.0
0 84.0 0.0
0 84.5 0.0
0 85.0 0.0
0 85.5 0.0
0 86.0 0.0
0 86.5 0.0
0 87.0 0.0
0 87.5 0.0
0 88.0 0.0
0 88.5 0.0
0 89.0 0.0
0 89.5 0.0
0 90.0 0.0
0 90.5 0.0
0 91.0 0.0
0 91.5 0.0
0 92.0 0.0
0 92.5 0.0
0 93.0 0.0
0 93.5 0.0
0 94.0 0.0
0 94.5 0.0
0 95.0 0.0
0 95.5 0.0
0 96.0 0.0
0 96.5 0.0
0 97.0 0.0
0 97.5 0.0
0 98.0 0.0
0 98.5 0.0
0 99.0 0.0
0 99.5 0.0
0 100.0 0.0


50.0 -100.0 0
50.0 -99.5 7.554186248237096e-286
50.0 -99.0 5.2043990620287946e-284
50.0 -98.5 3.566128907645505e-282
50.0 -98.0 2.4307829239280813e-280
50.0 -97.5 1.6481888867966012e-278
50.0 -97.0 1.1116505720077973e-276
50.0 -96.5 7.457939384401341e-275
50.0 -96.0 4.976766391469098e-273
50.0 -95.5 3.3032543118031623e-271
50.0 -95.0 2.180677741758133e-269
50.0 -94.5 1.4318052517496957e-267
50.0 -94.0 9.34991199380963e-266
50.0 -93.5 6.0722579652348916e-264
50.0 -93.0 3.921930565349147e-262
50.0 -92.5 2.5190937758808577e-260
50.0 -92.0 1.6090559089326789e-258
50.0 -91.5 1.0220397439928148e-256
50.0 -91.0 6.455377348918994e-255
50.0 -90.5 4.0543374635145905e-253
50.0 -90.0 2.531918004253991e-251
50.0 -89.5 1.5721637940930181e-249
50.0 -89.0 9.706242533086268e-248
50.0 -88.5 5.95794265852694e-246
50.0 -88.0 3.635966037336097e-244
50.0 -87.5 2.206012507018081e-242
50.0 -87.0 1.3305982759092348e-240
50.0 -86.5 7.978528461760262e-239
50.0 -86.0 4.755775657003819e-237
50.0 -85.5 2.8179179191030407e-235
50.0 -85.0 1.659698761758242e-233
50.0 -84.5 9.71649247148925e-232
50.0 -84.0 5.6539801306625375e-230
50.0 -83.5 3.270006134015231e-228
50.0 -83.0 1.8796510340541695e-226
50.0 -82.5 1.0738037598167696e-224
50.0 -82.0 6.096437425998576e-223
50.0 -81.5 3.4396568449083304e-221
50.0 -81.0 1.9285282698262737e-219
50.0 -80.5 1.074466055045369e-217
50.0 -80.0 5.948382589437628e-216
50.0 -79.5 3.272111513279519e-214
50.0 -79.0 1.7883956498637646e-212
50.0 -78.5 9.71154908933506e-211
50.0 -78.0 5.239449840973704e-209
50.0 -77.5 2.8082631150738448e-207
50.0 -77.0 1.4952963513642774e-205
50.0 -76.5 7.909268746428534e-204
50.0 -76.0 4.155726470919087e-202
50.0 -75.5 2.1689067856660246e-200
50.0 -75.0 1.1243451207741784e-198
50.0 -74.5 5.789012342891588e-197
50.0 -74.0 2.9603046781004465e-195
50.0 -73.5 1.5034057598418304e-193
50.0 -73.0 7.582359544324822e-192
50.0 -72.5 3.797529396613516e-190
50.0 -72.0 1.8886282904558616e-188
50.0 -71.5 9.326530375071987e-187
50.0 -71.0 4.573002236223953e-185
50.0 -70.5 2.2262274509859173e-183
50.0 -70.0 1.0759777844899908e-181
50.0 -69.5 5.162752007571338e-180
50.0 -69.0 2.4591308887285816e-178
50.0 -68.5 1.1627393429710485e-176
50.0 -68.0 5.457088981117846e-175
50.0 -67.5 2.5421134315481055e-173
50.0 -67.0 1.1753331435122713e-171
50.0 -66.5 5.3930669848296774e-170
50.0 -66.0 2.455815172041662e-168
50.0 -65.5 1.1097278304878157e-166
50.0 -65.0 4.975924178435433e-165
50.0 -64.5 2.2138218879981416e-163
50.0 -64.0 9.77232802613919e-162
50.0 -63.5 4.279708941227508e-160
50.0 -63.0 1.8593676648021406e-158
50.0 -62.5 8.013546365116196e-157
50.0 -62.0 3.4258303688381757e-155
50.0 -61.5 1.4526511480213124e-153
50.0 -61.0 6.109188177078834e-152
50.0 -60.5 2.548028252415327e-150
50.0 -60.0 1.0538892015227297e-148
50.0 -59.5 4.322416310281263e-147
50.0 -59.0 1.757800641435046e-145
50.0 -58.5 7.087515164571178e-144
50.0 -58.0 2.8331476353693083e-142
50.0 -57.5 1.1227011852330102e-140
50.0 -57.0 4.410088876093195e-139
50.0 -56.5 1.7170643018554106e-137
50.0 -56.0 6.6259651126238294e-136
50.0 -55.5 2.5339721441980385e-134
50.0 -55.0 9.603085204395419e-133
50.0 -54.5 3.606131219560022e-131
50.0 -54.0 1.3417110272119338e-129
50.0 -53.5 4.945696439203657e-128
50.0 -53.0 1.805970099194322e-126
50.0 -52.5 6.532376999120104e-125
50.0 -52.0 2.340301300327274e-123
50.0 -51.5 8.303739254667769e-122
50.0 -51.0 2.917681259120169e-120
50.0 -50.5 1.0151360793579795e-118
50.0 -50.0 3.4969727099653306e-117
50.0 -49.5 1.1926150154307747e-115
50.0 -49.0 4.026298960677657e-114
50.0 -48.5 1.3454460883117374e-112
50.0 -48.0 4.449764879387334e-111
50.0 -47.5 1.4563754767185978e-109
50.0 -47.0 4.716602770083657e-108
50.0 -46.5 1.5113256808875291e-106
50.0 -46.0 4.7908416651875534e-105
50.0 -45.5 1.5022483352794106e-103
50.0 -45.0 4.659055833363951e-102
50.0 -44.5 1.4289906819544495e-100
50.0 -44.0 4.333951886755515e-99
50.0 -43.5 1.2995970987379294e-97
50.0 -43.0 3.852555422386329e-96
50.0 -42.5 1.1288828914952242e-94
50.0 -42.0 3.2692773235223054e-93
50.0 -41.5 9.356194145634295e-92
50.0 -41.0 2.6456453569962304e-90
50.0 -40.5 7.390739556226732e-89
50.0 -40.0 2.0394144716538437e-87
50.0 -39.5 5.5580232425361365e-86
50.0 -39.0 1.4957769639198386e-84
50.0 -38.5 3.974455700302337e-83
50.0 -38.0 1.0425186598212672e-81
50.0 -37.5 2.6990729473895147e-80
50.0 -37.0 6.896002897442577e-79
50.0 -36.5 1.7384323260890873e-77
50.0 -36.0 4.3233382495737534e-76
50.0 -35.5 1.0604817127433997e-74
50.0 -35.0 2.565246001523384e-73
50.0 -34.5 6.118061126834886e-72
50.0 -34.0 1.438375651837522e-70
50.0 -33.5 3.332858587760704e-69
50.0 -33.0 7.609520764548785e-68
50.0 -32.5 1.7115939405424323e-66
50.0 -32.0 3.791853827611299e-65
50.0 -31.5 8.272015916885101e-64
50.0 -31.0 1.7765545997193964e-62
50.0 -30.5 3.755333583896958e-61
50.0 -30.0 7.811119471181874e-60
50.0 -29.5 1.598311434335115e-58
50.0 -29.0 3.216457633532194e-57
50.0 -28.5 6.364198112435802e-56
50.0 -28.0 1.2377589926427984e-54
50.0 -27.5 2.365527188979835e-53
50.0 -27.0 4.4410711694884e-52
50.0 -26.5 8.188027171302126e-51
50.0 -26.0 1.482045291162405e-49
50.0 -25.5 2.6326192788173122e-48
50.0 -25.0 4.587829506828847e-47
50.0 -24.5 7.840821780693053e-46
50.0 -24.0 1.3136732150513339e-44
50.0 -23.5 2.1568226216542475e-43
50.0 -23.0 3.468692824538835e-42
50.0 -22.5 5.462070437294127e-41
50.0 -22.0 8.41776434166459e-40
50.0 -21.5 1.2690653099776012e-38
50.0 -21.0 1.8707246853108834e-37
50.0 -20.5 2.694983223984336e-36
50.0 -20.0 3.7922252882631865e-35
50.0 -19.5 5.20936709815787e-34
50.0 -19.0 6.981970360722745e-33
50.0 -18.5 9.124527579027968e-32
50.0 -18.0 1.1619998152517112e-30
50.0 -17.5 1.4410356610936716e-29
50.0 -17.0 1.7390448325678326e-28
50.0 -16.5 2.040760435023154e-27
50.0 -16.0 2.3269034210026923e-26
50.0 -15.5 2.575788584953474e-25
50.0 -15.0 2.765711622164306e-24
50.0 -14.5 2.877826927273482e-23
50.0 -14.0 2.8990431018952866e-22
50.0 -13.5 2.8243628903728636e-21
50.0 -13.0 2.658125826282225e-20
50.0 -12.5 2.4137924840068403e-19
50.0 -12.0 2.112210176572707e-18
50.0 -11.5 1.7786477895710063e-17
50.0 -11.0 1.4391832974336477e-16
50.0 -10.5 1.1171796243846926e-15
50.0 -10.0 8.305424244609529e-15
50.0 -9.5 5.902290654009723e-14
50.0 -9.0 4.0014388918814403e-13
50.0 -8.5 2.5821705846863953e-12
50.0 -8.0 1.5822370725268693e-11
50.0 -7.5 9.181554671443668e-11
50.0 -7.0 5.03082345610008e-10
50.0 -6.5 2.594309974530936e-09
50.0 -6.0 1.2545442201618287e-08
50.0 -5.5 5.665862798955416e-08
50.0 -5.0 2.3789117760954164e-07
50.0 -4.5 9.238098432199327e-07
50.0 -4.0 3.2986531105097646e-06
50.0 -3.5 1.0758280144042996e-05
50.0 -3.0 3.180434768824593e-05
50.0 -2.5 8.448297593471361e-05
50.0 -2.0 0.00019963915301692012
50.0 -1.5 0.0004149399407539847
50.0 -1.0 0.000749038250746949
50.0 -0.5 0.0011586768152511346
50.0 0.0 0.0015159547195634194
50.0 0.5 0.0016603455012357568
50.0 1.0 0.0015159547195634194
50.0 1.5 0.0011586768152511346
50.0 2.0 0.000749038250746949
50.0 2.5 0.0004149399407539847
50.0 3.0 0.00019963915301692012
50.0 3.5 8.448297593471361e-05
50.0 4.0 3.180434768824593e-05
50.0 4.5 1.0758280144042996e-05
50.0 5.0 3.2986531105097646e-06
50.0 5.5 9.238098432199327e-07
50.0 6.0 2.3789117760954164e-07
50.0 6.5 5.665862798955416e-08
50.0 7.0 1.2545442201618287e-08
50.0 7.5 2.594309974530936e-09
50.0 8.0 5.03082345610008e-10
50.0 8.5 9.181554671443668e-11
50.0 9.0 1.5822370725268693e-11
50.0 9.5 2.5821705846863953e-12
50.0 10.0 4.0014388918814403e-13
50.0 10.5 5.902290654009723e-14
50.0 11.0 8.305424244609529e-15
50.0 11.5 1.1171796243846926e-15
50.0 12.0 1.4391832974336477e-16
50.0 12.5 1.7786477895710063e-17
50.0 13.0 2.112210176572707e-18
50.0 13.5 2.4137924840068403e-19
50.0 14.0 2.658125826282225e-20
50.0 14.5 2.8243628903728636e-21
50.0 15.0 2.8990431018952866e-22
50.0 15.5 2.877826927273482e-23
50.0 16.0 2.765711622164306e-24
50.0 16.5 2.575788584953474e-25
50.0 17.0 2.3269034210026923e-26
50.0 17.5 2.040760435023154e-27
50.0 18.0 1.7390448325678326e-28
50.0 18.5 1.4410356610936716e-29
50.0 19.0 1.1619998152517112e-30
50.0 19.5 9.124527579027968e-32
50.0 20.0 6.981970360722745e-33
50.0 20.5 5.20936709815787e-34
50.0 21.0 3.7922252882631865e-35
50.0 21.5 2.694983223984336e-36
50.0 22.0 1.8707246853108834e-37
50.0 22.5 1.2690653099776012e-38
50.0 23.0 8.41776434166459e-40
50.0 23.5 5.462070437294127e-41
50.0 24.0 3.468692824538835e-42
50.0 24.5 2.1568226216542475e-43
50.0 25.0 1.3136732150513339e-44
50.0 25.5 7.840821780693053e-46
50.0 26.0 4.587829506828847e-47
50.0 26.5 2.6326192788173122e-48
50.0 27.0 1.482045291162405e-49
50.0 27.5 8.188027171302126e-51
50.0 28.0 4.4410711694884e-52
50.0 28.5 2.365527188979835e-53
50.0 29.0 1.2377589926427984e-54
50.0 29.5 6.364198112435802e-56
50.0 30.0 3.216457633532194e-57
50.0 30.5 1.598311434335115e-58
50.0 31.0 7.811119471181874e-60
50.0 31.5 3.755333583896958e-61
50.0 32.0 1.7765545997193964e-62
50.0 32.5 8.272015916885101e-64
50.0 33.0 3.791853827611299e-65
50.0 33.5 1.7115939405424323e-66
50.0 34.0 7.609520764548785e-68
50.0 34.5 3.332858587760704e-69
50.0 35.0 1.438375651837522e-70
50.0 35.5 6.118061126834886e-72
50.0 36.0 2.565246001523384e-73
50.0 36.5 1.0604817127433997e-74
50.0 37.0 4.3233382495737534e-76
50.0 37.5 1.7384323260890873e-77
50.0 38.0 6.896002897442577e-79
50.0 38.5 2.6990729473895147e-80
50.0 39.0 1.0425186598212672e-81
50.0 39.5 3.974455700302337e-83
50.0 40.0 1.4957769639198386e-84
50.0 40.5 5.5580232425361365e-86
50.0 41.0 2.0394144716538437e-87
50.0 41.5 7.390739556226732e-89
50.0 42.0 2.6456453569962304e-90
50.0 42.5 9.356194145634295e-92
50.0 43.0 3.2692773235223054e-93
50.0 43.5 1.1288828914952242e-94
50.0 44.0 3.852555422386329e-96
50.0 44.5 1.2995970987379294e-97
50.0 45.0 4.333951886755515e-99
50.0 45.5 1.4289906819544495e-100
50.0 46.0 4.659055833363951e-102
50.0 46.5 1.5022483352794106e-103
50.0 47.0 4.7908416651875534e-105
50.0 47.5 1.5113256808875291e-106
50.0 48.0 4.716602770083657e-108
50.0 48.5 1.4563754767185978e-109
50.0 49.0 4.449764879387334e-111
50.0 49.5 1.3454460883117374e-112
50.0 50.0 4.026298960677657e-114
50.0 50.5 1.1926150154307747e-115
50.0 51.0 3.4969727099653306e-117
50.0 51.5 1.0151360793579795e-118
50.0 52.0 2.917681259120169e-120
50.0 52.5 8.303739254667769e-122
50.0 53.0 2.340301300327274e-123
50.0 53.5 6.532376999120104e-125
50.0 54.0 1.805970099194322e-126
50.0 54.5 4.945696439203657e-128
50.0 55.0 1.3417110272119338e-129
50.0 55.5 3.606131219560022e-131
50.0 56.0 9.603085204395419e-133
50.0 56.5 2.5339721441980385e-134
50.0 57.0 6.6259651126238294e-136
50.0 57.5 1.7170643018554106e-137
50.0 58.0 4.410088876093195e-139
50.0 58.5 1.1227011852330102e-140
50.0 59.0 2.8331476353693083e-142
50.0 59.5 7.087515164571178e-144
50.0 60.0 1.757800641435046e-145
50.0 60.5 4.322416310281263e-147
50.0 61.0 1.0538892015227297e-148
50.0 61.5 2.548028252415327e-150
50.0 62.0 6.109188177078834e-152
50.0 62.5 1.4526511480213124e-153
50.0 63.0 3.4258303688381757e-155
50.0 63.5 8.013546365116196e-157
50.0 64.0 1.8593676648021406e-158
50.0 64.5 4.279708941227508e-160
50.0 65.0 9.77232802613919e-162
50.0 65.5 2.2138218879981416e-163
50.0 66.0 4.975924178435433e-165
50.0 66.5 1.1097278304878157e-166
50.0 67.0 2.455815172041662e-168
50.0 67.5 5.3930669848296774e-170
50.0 68.0 1.1753331435122713e-171
50.0 68.5 2.5421134315481055e-173
50.0 69.0 5.457088981117846e-175
50.0 69.5 1.1627393429710485e-176
50.0 70.0 2.4591308887285816e-178
50.0 70.5 5.162752007571338e-180
50.0 71.0 1.0759777844899908e-181
50.0 71.5 2.2262274509859173e-183
50.0 72.0 4.573002236223953e-185
50.0 72.5 9.326530375071987e-187
50.0 73.0 1.8886282904558616e-188
50.0 73.5 3.797529396613516e-190
50.0 74.0 7.582359544324822e-192
50.0 74.5 1.5034057598418304e-193
50.0 75.0 2.9603046781004465e-195
50.0 75.5 5.789012342891588e-197
50.0 76.0 1.1243451207741784e-198
50.0 76.5 2.1689067856660246e-200
50.0 77.0 4.155726470919087e-202
50.0 77.5 7.909268746428534e-204
50.0 78.0 1.4952963513642774e-205
50.0 78.5 2.8082631150738448e-207
50.0 79.0 5.239449840973704e-209
50.0 79.5 9.71154908933506e-211
50.0 80.0 1.7883956498637646e-212
50.0 80.5 3.272111513279519e-214
50.0 81.0 5.948382589437628e-216
50.0 81.5 1.074466055045369e-217
50.0 82.0 1.9285282698262737e-219
50.0 82.5 3.4396568449083304e-221
50.0 83.0 6.096437425998576e-223
50.0 83.5 1.0738037598167696e-224
50.0 84.0 1.8796510340541695e-226
50.0 84.5 3.270006134015231e-228
50.0 85.0 5.6539801306625375e-230
50.0 85.5 9.71649247148925e-232
50.0 86.0 1.659698761758242e-233
50.0 86.5 2.8179179191030407e-235
50.0 87.0 4.755775657003819e-237
50.0 87.5 7.978528461760262e-239
50.0 88.0 1.3305982759092348e-240
50.0 88.5 2.206012507018081e-242
50.0 89.0 3.635966037336097e-244
50.0 89.5 5.95794265852694e-246
50.0 90.0 9.706242533086268e-248
50.0 90.5 1.5721637940930181e-249
50.0 91.0 2.531918004253991e-251
50.0 91.5 4.0543374635145905e-253
50.0 92.0 6.455377348918994e-255
50.0 92.5 1.0220397439928148e-256
50.0 93.0 1.6090559089326789e-258
50.0 93.5 2.5190937758808577e-260
50.0 94.0 3.921930565349147e-262
50.0 94.5 6.0722579652348916e-264
50.0 95.0 9.34991199380963e-266
50.0 95.5 1.4318052517496957e-267
50.0 96.0 2.180677741758133e-269
50.0 96.5 3.3032543118031623e-271
50.0 97.0 4.976766391469098e-273
50.0 97.5 7.457939384401341e-275
50.0 98.0 1.1116505720077946e-276
50.0 98.5 1.6481888867809214e-278
50.0 99.0 2.4307828148017673e-280
50.0 99.5 3.565373332256058e-282
50.0 100.0 0.0


100.0 -100.0 0
100.0 -99.5 2.451757303006203e-227
100.0 -99.0 8.286070571572624e-226
100.0 -98.5 2.783734877515566e-224
100.0 -98.0 9.304191190214704e-223
100.0 -97.5 3.093785535002098e-221
100.0 -97.0 1.0234143042843219e-219
100.0 -96.5 3.3678382395777164e-218
100.0 -96.0 1.1024986730566126e-216
100.0 -95.5 3.590215926705081e-215
100.0 -95.0 1.1629662671341263e-213
100.0 -94.5 3.747192583264291e-212
100.0 -94.0 1.2009513850744937e-210
100.0 -93.5 3.8283655945418e-209
100.0 -93.0 1.2138299956338363e-207
100.0 -92.5 3.82777676249235e-206
100.0 -92.0 1.2005141269182427e-204
100.0 -91.5 3.744617087703781e-203
100.0 -91.0 1.1615941499501065e-201
100.0 -90.5 3.583402047976359e-200
100.0 -90.0 1.0993042289421617e-198
100.0 -89.5 3.353578510999686e-197
100.0 -89.0 1.0173118682286019e-195
100.0 -88.5 3.0686085245927554e-194
100.0 -88.0 9.203587542061265e-193
100.0 -87.5 2.744653236828864e-191
100.0 -87.0 8.138019583299865e-190
100.0 -86.5 2.3990371446427397e-188
100.0 -86.0 7.031178622392817e-187
100.0 -85.5 2.0486981199436646e-185
100.0 -85.0 5.934335338459509e-184
100.0 -84.5 1.708818382170204e-182
100.0 -84.0 4.891417132922828e-181
100.0 -83.5 1.3917894892415198e-179
100.0 -83.0 3.9363832606735934e-178
100.0 -82.5 1.1066006131610584e-176
100.0 -82.0 3.091994376009244e-175
100.0 -81.5 8.58667666662495e-174
100.0 -81.0 2.3699235043749896e-172
100.0 -80.5 6.500553502858171e-171
100.0 -80.0 1.7719722943764285e-169
100.0 -79.5 4.799960795031657e-168
100.0 -79.0 1.292040165801119e-166
100.0 -78.5 3.4558515881652167e-165
100.0 -78.0 9.184549679429598e-164
100.0 -77.5 2.42530925908496e-162
100.0 -77.0 6.363050847261533e-161
100.0 -76.5 1.658574525102371e-159
100.0 -76.0 4.29494893367464e-158
100.0 -75.5 1.10488300505317e-156
100.0 -75.0 2.823523973168376e-155
100.0 -74.5 7.167454492359818e-154
100.0 -74.0 1.8072482967821665e-152
100.0 -73.5 4.5261715002831406e-151
100.0 -73.0 1.1258618944180848e-149
100.0 -72.5 2.7813813580326917e-148
100.0 -72.0 6.823974087396792e-147
100.0 -71.5 1.6626293552246472e-145
100.0 -71.0 4.02266923042044e-144
100.0 -70.5 9.66436411901039e-143
100.0 -70.0 2.3054266815785572e-141
100.0 -69.5 5.460433358336397e-140
100.0 -69.0 1.2840415207955551e-138
100.0 -68.5 2.9976800120627612e-137
100.0 -68.0 6.947419145384389e-136
100.0 -67.5 1.598347514685762e-134
100.0 -67.0 3.6501064330838595e-133
100.0 -66.5 8.273766322083783e-132
100.0 -66.0 1.861404812466434e-130
100.0 -65.5 4.156180290760832e-129
100.0 -65.0 9.209576050809749e-128
100.0 -64.5 2.025125756977119e-126
100.0 -64.0 4.4188215895152844e-125
100.0 -63.5 9.567041971901277e-124
100.0 -63.0 2.0551327248905045e-122
100.0 -62.5 4.379927241425654e-121
100.0 -62.0 9.260451840840978e-120
100.0 -61.5 1.9422661234148342e-118
100.0 -61.0 4.0408167749283014e-117
100.0 -60.5 8.338455158973113e-116
100.0 -60.0 1.7065921967158026e-114
100.0 -59.5 3.4639600559652295e-113
100.0 -59.0 6.972455161445065e-112
100.0 -58.5 1.3916775147170305e-110
100.0 -58.0 2.754237031488564e-109
100.0 -57.5 5.404345788809893e-108
100.0 -57.0 1.0513149224272437e-106
100.0 -56.5 2.02739631161818e-105
100.0 -56.0 3.8755049107282826e-104
100.0 -55.5 7.342921412079288e-103
100.0 -55.0 1.3788815995654102e-101
100.0 -54.5 2.56607028741406e-100
100.0 -54.0 4.7321549680521426e-99
100.0 -53.5 8.646950018790754e-98
100.0 -53.0 1.565469538909911e-96
100.0 -52.5 2.8078081074394707e-95
100.0 -52.0 4.988777425680083e-94
100.0 -51.5 8.779844328637266e-93
100.0 -51.0 1.530406685695822e-91
100.0 -50.5 2.6418909088304843e-90
100.0 -50.0 4.516175157968999e-89
100.0 -49.5 7.644228394635534e-88
100.0 -49.0 1.2810374406426384e-86
100.0 -48.5 2.125263455142888e-85
100.0 -48.0 3.4901424682518376e-84
100.0 -47.5 5.6729472109551996e-83
100.0 -47.0 9.12566276968163e-82
100.0 -46.5 1.4526605169102888e-80
100.0 -46.0 2.2880256970798253e-79
100.0 -45.5 3.5653874754650023e-78
100.0 -45.0 5.49607504483253e-77
100.0 -44.5 8.380088842069986e-76
100.0 -44.0 1.2636986734443903e-74
100.0 -43.5 1.8844523052293223e-73
100.0 -43.0 2.7785621215594416e-72
100.0 -42.5 4.050362108024077e-71
100.0 -42.0 5.836474388804023e-70
100.0 -41.5 8.312530521139954e-69
100.0 -41.0 1.1699936110344607e-67
100.0 -40.5 1.6272023821691482e-66
100.0 -40.0 2.2358690661263663e-65
100.0 -39.5 3.034836476714776e-64
100.0 -39.0 4.0685931762943123e-63
100.0 -38.5 5.386511995758855e-62
100.0 -38.0 7.041385536589344e-61
100.0 -37.5 9.087131241002325e-60
100.0 -37.0 1.157558577888764e-58
100.0 -36.5 1.4552384677070413e-57
100.0 -36.0 1.8052028172910939e-56
100.0 -35.5 2.2092363219773055e-55
100.0 -35.0 2.666885358897587e-54
100.0 -34.5 3.174914827283387e-53
100.0 -34.0 3.7268571003149895e-52
100.0 -33.5 4.312721599387078e-51
100.0 -33.0 4.918932317742875e-50
100.0 -32.5 5.528550187189054e-49
100.0 -32.0 6.121816701476258e-48
100.0 -31.5 6.677025350906767e-47
100.0 -31.0 7.171690569086074e-46
100.0 -30.5 7.583944117479279e-45
100.0 -30.0 7.894051527790817e-44
100.0 -29.5 8.085912380736664e-43
100.0 -29.0 8.148393439553176e-42
100.0 -28.5 8.076347127504174e-41
100.0 -28.0 7.871191239912077e-40
100.0 -27.5 7.540967713857978e-39
100.0 -27.0 7.099854125410311e-38
100.0 -26.5 6.56716401510795e-37
100.0 -26.0 5.965932212564935e-36
100.0 -25.5 5.32122999565925e-35
100.0 -25.0 4.658384676449283e-34
100.0 -24.5 4.001284519964799e-33
100.0 -24.0 3.370932095569886e-32
100.0 -23.5 2.7843705549989145e-31
100.0 -23.0 2.2540545954206913e-30
100.0 -22.5 1.7876797084872432e-29
100.0 -22.0 1.3884288096503112e-28
100.0 -21.5 1.0555522501362132e-27
100.0 -21.0 7.851706830578155e-27
100.0 -20.5 5.711821256156768e-26
100.0 -20.0 4.061633984491972e-25
100.0 -19.5 2.8217790276657005e-24
100.0 -19.0 1.914308976545253e-23
100.0 -18.5 1.2674429656733854e-22
100.0 -18.0 8.185058762122448e-22
100.0 -17.5 5.152644346712316e-21
100.0 -17.0 3.159941993985911e-20
100.0 -16.5 1.8866048932412743e-19
100.0 -16.0 1.0958064185442527e-18
100.0 -15.5 6.1875781945940696e-18
100.0 -15.0 3.3939714726782036e-17
100.0 -14.5 1.8069472339617914e-16
100.0 -14.0 9.329598161002124e-16
100.0 -13.5 4.667354483184534e-15
100.0 -13.0 2.2602551875663945e-14
100.0 -12.5 1.0584931395627654e-13
100.0 -12.0 4.788531036780591e-13
100.0 -11.5 2.0903202198742898e-12
100.0 -11.0 8.794330279502807e-12
100.0 -10.5 3.561423426045811e-11
100.0 -10.0 1.3864127585529203e-10
100.0 -9.5 5.180716619940091e-10
100.0 -9.0 1.855478472085205e-09
100.0 -8.5 6.358993420206631e-09
100.0 -8.0 2.0817989731537912e-08
100.0 -7.5 6.498446690640827e-08
100.0 -7.0 1.930415350991585e-07
100.0 -6.5 5.44574407330207e-07
100.0 -6.0 1.4556805199021928e-06
100.0 -5.5 3.6783664783464407e-06
100.0 -5.0 8.764797010961578e-06
100.0 -4.5 1.9642019708120114e-05
100.0 -4.0 4.128508289093536e-05
100.0 -3.5 8.115629746899188e-05
100.0 -3.0 0.00014876474941169767
100.0 -2.5 0.00025353676399099526
100.0 -2.0 0.00040056743744801623
100.0 -1.5 0.0005850452234204403
100.0 -1.0 0.0007878983089714745
100.0 -0.5 0.0009762562080881232
100.0 0.0 0.0011110480807279698
100.0 0.5 0.0011601372943361658
100.0 1.0 0.0011110480807279698
100.0 1.5 0.0009762562080881232
100.0 2.0 0.0007878983089714745
100.0 2.5 0.0005850452234204403
100.0 3.0 0.00040056743744801623
100.0 3.5 0.00025353676399099526
100.0 4.0 0.00014876474941169767
100.0 4.5 8.115629746899188e-05
100.0 5.0 4.128508289093536e-05
100.0 5.5 1.9642019708120114e-05
100.0 6.0 8.764797010961578e-06
100.0 6.5 3.6783664783464407e-06
100.0 7.0 1.4556805199021928e-06
100.0 7.5 5.44574407330207e-07
100.0 8.0 1.930415350991585e-07
100.0 8.5 6.498446690640827e-08
100.0 9.0 2.0817989731537912e-08
100.0 9.5 6.358993420206631e-09
100.0 10.0 1.855478472085205e-09
100.0 10.5 5.180716619940091e-10
100.0 11.0 1.3864127585529203e-10
100.0 11.5 3.561423426045811e-11
100.0 12.0 8.794330279502807e-12
100.0 12.5 2.0903202198742898e-12
100.0 13.0 4.788531036780591e-13
100.0 13.5 1.0584931395627654e-13
100.0 14.0 2.2602551875663945e-14
100.0 14.5 4.667354483184534e-15
100.0 15.0 9.329598161002124e-16
100.0 15.5 1.8069472339617914e-16
100.0 16.0 3.3939714726782036e-17
100.0 16.5 6.1875781945940696e-18
100.0 17.0 1.0958064185442527e-18
100.0 17.5 1.8866048932412743e-19
100.0 18.0 3.159941993985911e-20
100.0 18.5 5.152644346712316e-21
100.0 19.0 8.185058762122448e-22
100.0 19.5 1.2674429656733854e-22
100.0 20.0 1.914308976545253e-23
100.0 20.5 2.8217790276657005e-24
100.0 21.0 4.061633984491972e-25
100.0 21.5 5.711821256156768e-26
100.0 22.0 7.851706830578155e-27
100.0 22.5 1.0555522501362132e-27
100.0 23.0 1.3884288096503112e-28
100.0 23.5 1.7876797084872432e-29
100.0 24.0 2.2540545954206913e-30
100.0 24.5 2.7843705549989145e-31
100.0 25.0 3.370932095569886e-32
100.0 25.5 4.001284519964799e-33
100.0 26.0 4.658384676449283e-34
100.0 26.5 5.32122999565925e-35
100.0 27.0 5.965932212564935e-36
100.0 27.5 6.56716401510795e-37
100.0 28.0 7.099854125410311e-38
100.0 28.5 7.540967713857978e-39
100.0 29.0 7.871191239912077e-40
100.0 29.5 8.076347127504174e-41
100.0 30.0 8.148393439553176e-42
100.0 30.5 8.085912380736664e-43
100.0 31.0 7.894051527790817e-44
100.0 31.5 7.583944117479279e-45
100.0 32.0 7.171690569086074e-46
100.0 32.5 6.677025350906767e-47
100.0 33.0 6.121816701476258e-48
100.0 33.5 5.528550187189054e-49
100.0 34.0 4.918932317742875e-50
100.0 34.5 4.312721599387078e-51
100.0 35.0 3.7268571003149895e-52
100.0 35.5 3.174914827283387e-53
100.0 36.0 2.666885358897587e-54
100.0 36.5 2.2092363219773055e-55
100.0 37.0 1.8052028172910939e-56
100.0 37.5 1.4552384677070413e-57
100.0 38.0 1.157558577888764e-58
100.0 38.5 9.087131241002325e-60
100.0 39.0 7.041385536589344e-61
100.0 39.5 5.386511995758855e-62
100.0 40.0 4.0685931762943123e-63
100.0 40.5 3.034836476714776e-64
100.0 41.0 2.2358690661263663e-65
100.0 41.5 1.6272023821691482e-66
100.0 42.0 1.1699936110344607e-67
100.0 42.5 8.312530521139954e-69
100.0 43.0 5.836474388804023e-70
100.0 43.5 4.050362108024077e-71
100.0 44.0 2.7785621215594416e-72
100.0 44.5 1.8844523052293223e-73
100.0 45.0 1.2636986734443903e-74
100.0 45.5 8.380088842069986e-76
100.0 46.0 5.49607504483253e-77
100.0 46.5 3.5653874754650023e-78
100.0 47.0 2.2880256970798253e-79
100.0 47.5 1.4526605169102888e-80
100.0 48.0 9.12566276968163e-82
100.0 48.5 5.6729472109551996e-83
100.0 49.0 3.4901424682518376e-84
100.0 49.5 2.125263455142888e-85
100.0 50.0 1.2810374406426384e-86
100.0 50.5 7.644228394635534e-88
100.0 51.0 4.516175157968999e-89
100.0 51.5 2.6418909088304843e-90
100.0 52.0 1.530406685695822e-91
100.0 52.5 8.779844328637266e-93
100.0 53.0 4.988777425680083e-94
100.0 53.5 2.8078081074394707e-95
100.0 54.0 1.565469538909911e-96
100.0 54.5 8.646950018790754e-98
100.0 55.0 4.7321549680521426e-99
100.0 55.5 2.56607028741406e-100
100.0 56.0 1.3788815995654102e-101
100.0 56.5 7.342921412079288e-103
100.0 57.0 3.8755049107282826e-104
100.0 57.5 2.02739631161818e-105
100.0 58.0 1.0513149224272437e-106
100.0 58.5 5.404345788809893e-108
100.0 59.0 2.754237031488564e-109
100.0 59.5 1.3916775147170305e-110
100.0 60.0 6.972455161445065e-112
100.0 60.5 3.4639600559652295e-113
100.0 61.0 1.7065921967158026e-114
100.0 61.5 8.338455158973113e-116
100.0 62.0 4.0408167749283014e-117
100.0 62.5 1.9422661234148342e-118
100.0 63.0 9.260451840840978e-120
100.0 63.5 4.379927241425654e-121
100.0 64.0 2.0551327248905045e-122
100.0 64.5 9.567041971901277e-124
100.0 65.0 4.4188215895152844e-125
100.0 65.5 2.025125756977119e-126
100.0 66.0 9.209576050809749e-128
100.0 66.5 4.156180290760832e-129
100.0 67.0 1.861404812466434e-130
100.0 67.5 8.273766322083783e-132
100.0 68.0 3.6501064330838595e-133
100.0 68.5 1.598347514685762e-134
100.0 69.0 6.947419145384389e-136
100.0 69.5 2.9976800120627612e-137
100.0 70.0 1.2840415207955551e-138
100.0 70.5 5.460433358336397e-140
100.0 71.0 2.3054266815785572e-141
100.0 71.5 9.66436411901039e-143
100.0 72.0 4.02266923042044e-144
100.0 72.5 1.6626293552246472e-145
100.0 73.0 6.823974087396792e-147
100.0 73.5 2.7813813580326917e-148
100.0 74.0 1.1258618944180848e-149
100.0 74.5 4.5261715002831406e-151
100.0 75.0 1.8072482967821665e-152
100.0 75.5 7.167454492359818e-154
100.0 76.0 2.823523973168376e-155
100.0 76.5 1.10488300505317e-156
100.0 77.0 4.29494893367464e-158
100.0 77.5 1.658574525102371e-159
100.0 78.0 6.363050847261533e-161
100.0 78.5 2.42530925908496e-162
100.0 79.0 9.184549679429598e-164
100.0 79.5 3.4558515881652167e-165
100.0 80.0 1.292040165801119e-166
100.0 80.5 4.799960795031657e-168
100.0 81.0 1.7719722943764285e-169
100.0 81.5 6.500553502858171e-171
100.0 82.0 2.3699235043749896e-172
100.0 82.5 8.58667666662495e-174
100.0 83.0 3.091994376009244e-175
100.0 83.5 1.1066006131610584e-176
100.0 84.0 3.9363832606735934e-178
100.0 84.5 1.3917894892415198e-179
100.0 85.0 4.891417132922828e-181
100.0 85.5 1.708818382170204e-182
100.0 86.0 5.934335338459509e-184
100.0 86.5 2.0486981199436646e-185
100.0 87.0 7.031178622392817e-187
100.0 87.5 2.3990371446427397e-188
100.0 88.0 8.138019583299865e-190
100.0 88.5 2.744653236828864e-191
100.0 89.0 9.203587542061265e-193
100.0 89.5 3.0686085245927554e-194
100.0 90.0 1.0173118682286019e-195
100.0 90.5 3.353578510999686e-197
100.0 91.0 1.0993042289421617e-198
100.0 91.5 3.583402047976359e-200
100.0 92.0 1.1615941499501065e-201
100.0 92.5 3.744617087703781e-203
100.0 93.0 1.2005141269182427e-204
100.0 93.5 3.82777676249235e-206
100.0 94.0 1.2138299956338363e-207
100.0 94.5 3.8283655945418e-209
100.0 95.0 1.2009513850744937e-210
100.0 95.5 3.747192583264291e-212
100.0 96.0 1.1629662671341263e-213
100.0 96.5 3.590215926705081e-215
100.0 97.0 1.1024986730566126e-216
100.0 97.5 3.367838239577714e-218
100.0 98.0 1.0234143042837028e-219
100.0 98.5 3.0937855328825074e-221
100.0 99.0 9.304183960023012e-223
100.0 99.5 2.781281002417739e-224
100.0 100.0 0.0


150.0 -100.0 0
150.0 -99.5 2.3316140845404102e-194
150.0 -99.0 5.229880920846195e-193
150.0 -98.5 1.164872619537272e-191
150.0 -98.0 2.5813993519956157e-190
150.0 -97.5 5.691317416054231e-189
150.0 -97.0 1.248361092134905e-187
150.0 -96.5 2.724120322027433e-186
150.0 -96.0 5.913705844816671e-185
150.0 -95.5 1.2771124308842402e-183
150.0 -95.0 2.7436140702026715e-182
150.0 -94.5 5.863133210213418e-181
150.0 -94.0 1.2463430813909228e-179
150.0 -93.5 2.6353280901909504e-178
150.0 -93.0 5.54254237127979e-177
150.0 -92.5 1.1594405394204298e-175
150.0 -92.0 2.4123528047390052e-174
150.0 -91.5 4.9919896000753525e-173
150.0 -91.0 1.0273880698989541e-171
150.0 -90.5 2.1028617416717224e-170
150.0 -90.0 4.2804506715342123e-169
150.0 -89.5 8.664787780790824e-168
150.0 -89.0 1.7442268269380694e-166
150.0 -88.5 3.491494708142785e-165
150.0 -88.0 6.9497608588677e-164
150.0 -87.5 1.3755135822203223e-162
150.0 -87.0 2.7069660425429986e-161
150.0 -86.5 5.296754381538264e-160
150.0 -86.0 1.030462061713532e-158
150.0 -85.5 1.9931280954007328e-157
150.0 -85.0 3.832703037771177e-156
150.0 -84.5 7.327021186978217e-155
150.0 -84.0 1.392475088757918e-153
150.0 -83.5 2.6306941358886556e-152
150.0 -83.0 4.9403903676697485e-151
150.0 -82.5 9.222423041254139e-150
150.0 -82.0 1.7112220803013985e-148
150.0 -81.5 3.1559476405842965e-147
150.0 -81.0 5.784950045269645e-146
150.0 -80.5 1.0539014198849505e-144
150.0 -80.0 1.9081603640441955e-143
150.0 -79.5 3.433428533682921e-142
150.0 -79.0 6.139358183522506e-141
150.0 -78.5 1.0908953864231279e-139
150.0 -78.0 1.9261564573263966e-138
150.0 -77.5 3.379335252870197e-137
150.0 -77.0 5.890945218671175e-136
150.0 -76.5 1.0203171450815237e-134
150.0 -76.0 1.7557560171184469e-133
150.0 -75.5 3.001608085736199e-132
150.0 -75.0 5.097843242386298e-131
150.0 -74.5 8.600886770566035e-130
150.0 -74.0 1.441469977061534e-128
150.0 -73.5 2.3996875613461745e-127
150.0 -73.0 3.967997490049767e-126
150.0 -72.5 6.516828229528248e-125
150.0 -72.0 1.0629912867854921e-123
150.0 -71.5 1.7219945206231822e-122
150.0 -71.0 2.770271094896664e-121
150.0 -70.5 4.425687664049681e-120
150.0 -70.0 7.020798295099524e-119
150.0 -69.5 1.1059065981734651e-117
150.0 -69.0 1.729638332197582e-116
150.0 -68.5 2.685810924939105e-115
150.0 -68.0 4.140539491332616e-114
150.0 -67.5 6.336910223683583e-113
150.0 -67.0 9.627527233106031e-112
150.0 -66.5 1.4519299400245158e-110
150.0 -66.0 2.1734370396613e-109
150.0 -65.5 3.2292035489967665e-108
150.0 -65.0 4.761752758922967e-107
150.0 -64.5 6.968464363705143e-106
150.0 -64.0 1.0120023949267119e-104
150.0 -63.5 1.458395240767183e-103
150.0 -63.0 2.0854165985133978e-102
150.0 -62.5 2.9587520012023916e-101
150.0 -62.0 4.16482081756261e-100
150.0 -61.5 5.816069121857779e-99
150.0 -61.0 8.05714774168775e-98
150.0 -60.5 1.1071953460861883e-96
150.0 -60.0 1.5091434588621643e-95
150.0 -59.5 2.0401960358976878e-94
150.0 -59.0 2.735392607916666e-93
150.0 -58.5 3.6370114293748495e-92
150.0 -58.0 4.795316155904143e-91
150.0 -57.5 6.269130005280927e-90
150.0 -57.0 8.126136735692576e-89
150.0 -56.5 1.0442792562761838e-87
150.0 -56.0 1.3303722705030089e-86
150.0 -55.5 1.680047336576326e-85
150.0 -55.0 2.102949755971028e-84
150.0 -54.5 2.6089274074054926e-83
150.0 -54.0 3.207649528648514e-82
150.0 -53.5 3.9081312844480587e-81
150.0 -53.0 4.718170017559137e-80
150.0 -52.5 5.643707538669815e-79
150.0 -52.0 6.688142303142147e-78
150.0 -51.5 7.851625182894659e-77
150.0 -51.0 9.130381883604513e-76
150.0 -50.5 1.0516112819709972e-74
150.0 -50.0 1.1995526291145896e-73
150.0 -49.5 1.3550061982425547e-72
150.0 -49.0 1.5155858173485867e-71
150.0 -48.5 1.6784006985310794e-70
150.0 -48.0 1.8401127327099141e-69
150.0 -47.5 1.9970265399617916e-68
150.0 -47.0 2.145210872547217e-67
150.0 -46.5 2.280647344268268e-66
150.0 -46.0 2.399399827196701e-65
150.0 -45.5 2.497795475831623e-64
150.0 -45.0 2.572606478580515e-63
150.0 -44.5 2.62122054313259e-62
150.0 -44.0 2.641787985783418e-61
150.0 -43.5 2.633334219355727e-60
150.0 -43.0 2.5958284169106294e-59
150.0 -42.5 2.5302020486434726e-58
150.0 -42.0 2.4383146145725803e-57
150.0 -41.5 2.322867901048766e-56
150.0 -41.0 2.1872740915850333e-55
150.0 -40.5 2.0354866641545508e-54
150.0 -40.0 1.871805843092804e-53
150.0 -39.5 1.7006721575019773e-52
150.0 -39.0 1.5264622174296493e-51
150.0 -38.5 1.3533001178993092e-50
150.0 -38.0 1.1848960226030873e-49
150.0 -37.5 1.0244206920800941e-48
150.0 -37.0 8.744213275956865e-48
150.0 -36.5 7.367804748878509e-47
150.0 -36.0 6.127162479298014e-46
150.0 -35.5 5.02819125781486e-45
150.0 -35.0 4.071182993579274e-44
150.0 -34.5 3.2516914921356334e-43
150.0 -34.0 2.5615295729605437e-42
150.0 -33.5 1.989803267768077e-41
150.0 -33.0 1.523908513186273e-40
150.0 -32.5 1.1504312967179147e-39
150.0 -32.0 8.559103179126046e-39
150.0 -31.5 6.274396594718017e-38
150.0 -31.0 4.531058406345254e-37
150.0 -30.5 3.222675753737459e-36
150.0 -30.0 2.2569679413173004e-35
150.0 -29.5 1.556057917065143e-34
150.0 -29.0 1.0558799621242297e-33
150.0 -28.5 7.049942038443632e-33
150.0 -28.0 4.6305156447369765e-32
150.0 -27.5 2.9911160391779387e-31
150.0 -27.0 1.8996827781711737e-30
150.0 -26.5 1.1859135549592466e-29
150.0 -26.0 7.274874932998044e-29
150.0 -25.5 4.3840051915810175e-28
150.0 -25.0 2.5945256475994906e-27
150.0 -24.5 1.507475588148169e-26
150.0 -24.0 8.596220169648091e-26
150.0 -23.5 4.809328843017765e-25
150.0 -23.0 2.638948641184218e-24
150.0 -22.5 1.419683548086796e-23
150.0 -22.0 7.485235799676784e-23
150.0 -21.5 3.866394931320294e-22
150.0 -21.0 1.9557854046079036e-21
150.0 -20.5 9.684375695991692e-21
150.0 -20.0 4.692151977355533e-20
150.0 -19.5 2.223464285714076e-19
150.0 -19.0 1.0300213708242273e-18
150.0 -18.5 4.662437093143003e-18
150.0 -18.0 2.061175812752841e-17
150.0 -17.5 8.894643757138698e-17
150.0 -17.0 3.744732653594231e-16
150.0 -16.5 1.537268510770383e-15
150.0 -16.0 6.149833909320778e-15
150.0 -15.5 2.3960702384722215e-14
150.0 -15.0 9.086259171057184e-14
150.0 -14.5 3.351472381557645e-13
150.0 -14.0 1.201585596081306e-12
150.0 -13.5 4.1844021538692846e-12
150.0 -13.0 1.4143267812630641e-11
150.0 -12.5 4.636263489144448e-11
150.0 -12.0 1.4727823574353795e-10
150.0 -11.5 4.5299821630470536e-10
150.0 -11.0 1.3479131091882287e-09
150.0 -10.5 3.876493320664844e-09
150.0 -10.0 1.0765048600077748e-08
150.0 -9.5 2.8837948545399998e-08
150.0 -9.0 7.444561374569435e-08
150.0 -8.5 1.8500293577526248e-07
150.0 -8.0 4.420841161081403e-07
150.0 -7.5 1.0146686702105964e-06
150.0 -7.0 2.234231044596187e-06
150.0 -6.5 4.714052804476046e-06
150.0 -6.0 9.518969905639248e-06
150.0 -5.5 1.8372678717562248e-05
150.0 -5.0 3.38527998466398e-05
150.0 -4.5 5.947136817299054e-05
150.0 -4.0 9.948750975513373e-05
150.0 -3.5 0.000158286335034185
150.0 -3.0 0.00023923121273961584
150.0 -2.5 0.0003430868336207668
150.0 -2.0 0.00046639144650867273
150.0 -1.5 0.0006004158407199339
150.0 -1.0 0.0007314079630743845
150.0 -0.5 0.0008425387859841794
150.0 0.0 0.0009173470617132386
150.0 0.5 0.0009437624299840881
150.0 1.0 0.0009173470617132386
150.0 1.5 0.0008425387859841794
150.0 2.0 0.0007314079630743845
150.0 2.5 0.0006004158407199339
150.0 3.0 0.00046639144650867273
150.0 3.5 0.0003430868336207668
150.0 4.0 0.00023923121273961584
150.0 4.5 0.000158286335034185
150.0 5.0 9.948750975513373e-05
150.0 5.5 5.947136817299054e-05
150.0 6.0 3.38527998466398e-05
150.0 6.5 1.8372678717562248e-05
150.0 7.0 9.518969905639248e-06
150.0 7.5 4.714052804476046e-06
150.0 8.0 2.234231044596187e-06
150.0 8.5 1.0146686702105964e-06
150.0 9.0 4.420841161081403e-07
150.0 9.5 1.8500293577526248e-07
150.0 10.0 7.444561374569435e-08
150.0 10.5 2.8837948545399998e-08
150.0 11.0 1.0765048600077748e-08
150.0 11.5 3.876493320664844e-09
150.0 12.0 1.3479131091882287e-09
150.0 12.5 4.5299821630470536e-10
150.0 13.0 1.4727823574353795e-10
150.0 13.5 4.636263489144448e-11
150.0 14.0 1.4143267812630641e-11
150.0 14.5 4.1844021538692846e-12
150.0 15.0 1.201585596081306e-12
150.0 15.5 3.351472381557645e-13
150.0 16.0 9.086259171057184e-14
150.0 16.5 2.3960702384722215e-14
150.0 17.0 6.149833909320778e-15
150.0 17.5 1.537268510770383e-15
150.0 18.0 3.744732653594231e-16
150.0 18.5 8.894643757138698e-17
150.0 19.0 2.061175812752841e-17
150.0 19.5 4.662437093143003e-18
150.0 20.0 1.0300213708242273e-18
150.0 20.5 2.223464285714076e-19
150.0 21.0 4.692151977355533e-20
150.0 21.5 9.684375695991692e-21
150.0 22.0 1.9557854046079036e-21
150.0 22.5 3.866394931320294e-22
150.0 23.0 7.485235799676784e-23
150.0 23.5 1.419683548086796e-23
150.0 24.0 2.638948641184218e-24
150.0 24.5 4.809328843017765e-25
150.0 25.0 8.596220169648091e-26
150.0 25.5 1.507475588148169e-26
150.0 26.0 2.5945256475994906e-27
150.0 26.5 4.3840051915810175e-28
150.0 27.0 7.274874932998044e-29
150.0 27.5 1.1859135549592466e-29
150.0 28.0 1.8996827781711737e-30
150.0 28.5 2.9911160391779387e-31
150.0 29.0 4.6305156447369765e-32
150.0 29.5 7.049942038443632e-33
150.0 30.0 1.0558799621242297e-33
150.0 30.5 1.556057917065143e-34
150.0 31.0 2.2569679413173004e-35
150.0 31.5 3.222675753737459e-36
150.0 32.0 4.531058406345254e-37
150.0 32.5 6.274396594718017e-38
150.0 33.0 8.559103179126046e-39
150.0 33.5 1.1504312967179147e-39
150.0 34.0 1.523908513186273e-40
150.0 34.5 1.989803267768077e-41
150.0 35.0 2.5615295729605437e-42
150.0 35.5 3.2516914921356334e-43
150.0 36.0 4.071182993579274e-44
150.0 36.5 5.02819125781486e-45
150.0 37.0 6.127162479298014e-46
150.0 37.5 7.367804748878509e-47
150.0 38.0 8.744213275956865e-48
150.0 38.5 1.0244206920800941e-48
150.0 39.0 1.1848960226030873e-49
150.0 39.5 1.3533001178993092e-50
150.0 40.0 1.5264622174296493e-51
150.0 40.5 1.7006721575019773e-52
150.0 41.0 1.871805843092804e-53
150.0 41.5 2.0354866641545508e-54
150.0 42.0 2.1872740915850333e-55
150.0 42.5 2.322867901048766e-56
150.0 43.0 2.4383146145725803e-57
150.0 43.5 2.5302020486434726e-58
150.0 44.0 2.5958284169106294e-59
150.0 44.5 2.633334219355727e-60
150.0 45.0 2.641787985783418e-61
150.0 45.5 2.62122054313259e-62
150.0 46.0 2.572606478580515e-63
150.0 46.5 2.497795475831623e-64
150.0 47.0 2.399399827196701e-65
150.0 47.5 2.280647344268268e-66
150.0 48.0 2.145210872547217e-67
150.0 48.5 1.9970265399617916e-68
150.0 49.0 1.8401127327099141e-69
150.0 49.5 1.6784006985310794e-70
150.0 50.0 1.5155858173485867e-71
150.0 50.5 1.3550061982425547e-72
150.0 51.0 1.1995526291145896e-73
150.0 51.5 1.0516112819709972e-74
150.0 52.0 9.130381883604513e-76
150.0 52.5 7.851625182894659e-77
150.0 53.0 6.688142303142147e-78
150.0 53.5 5.643707538669815e-79
150.0 54.0 4.718170017559137e-80
150.0 54.5 3.9081312844480587e-81
150.0 55.0 3.207649528648514e-82
150.0 55.5 2.6089274074054926e-83
150.0 56.0 2.102949755971028e-84
150.0 56.5 1.680047336576326e-85
150.0 57.0 1.3303722705030089e-86
150.0 57.5 1.0442792562761838e-87
150.0 58.0 8.126136735692576e-89
150.0 58.5 6.269130005280927e-90
150.0 59.0 4.795316155904143e-91
150.0 59.5 3.6370114293748495e-92
150.0 60.0 2.735392607916666e-93
150.0 60.5 2.0401960358976878e-94
150.0 61.0 1.5091434588621643e-95
150.0 61.5 1.1071953460861883e-96
150.0 62.0 8.05714774168775e-98
150.0 62.5 5.816069121857779e-99
150.0 63.0 4.16482081756261e-100
150.0 63.5 2.9587520012023916e-101
150.0 64.0 2.0854165985133978e-102
150.0 64.5 1.458395240767183e-103
150.0 65.0 1.0120023949267119e-104
150.0 65.5 6.968464363705143e-106
150.0 66.0 4.761752758922967e-107
150.0 66.5 3.2292035489967665e-108
150.0 67.0 2.1734370396613e-109
150.0 67.5 1.4519299400245158e-110
150.0 68.0 9.627527233106031e-112
150.0 68.5 6.336910223683583e-113
150.0 69.0 4.140539491332616e-114
150.0 69.5 2.685810924939105e-115
150.0 70.0 1.729638332197582e-116
150.0 70.5 1.1059065981734651e-117
150.0 71.0 7.020798295099524e-119
150.0 71.5 4.425687664049681e-120
150.0 72.0 2.770271094896664e-121
150.0 72.5 1.7219945206231822e-122
150.0 73.0 1.0629912867854921e-123
150.0 73.5 6.516828229528248e-125
150.0 74.0 3.967997490049767e-126
150.0 74.5 2.3996875613461745e-127
150.0 75.0 1.441469977061534e-128
150.0 75.5 8.600886770566035e-130
150.0 76.0 5.097843242386298e-131
150.0 76.5 3.001608085736199e-132
150.0 77.0 1.7557560171184469e-133
150.0 77.5 1.0203171450815237e-134
150.0 78.0 5.890945218671175e-136
150.0 78.5 3.379335252870197e-137
150.0 79.0 1.9261564573263966e-138
150.0 79.5 1.0908953864231279e-139
150.0 80.0 6.139358183522506e-141
150.0 80.5 3.433428533682921e-142
150.0 81.0 1.9081603640441955e-143
150.0 81.5 1.0539014198849505e-144
150.0 82.0 5.784950045269645e-146
150.0 82.5 3.1559476405842965e-147
150.0 83.0 1.7112220803013985e-148
150.0 83.5 9.222423041254139e-150
150.0 84.0 4.9403903676697485e-151
150.0 84.5 2.6306941358886556e-152
150.0 85.0 1.392475088757918e-153
150.0 85.5 7.327021186978217e-155
150.0 86.0 3.832703037771177e-156
150.0 86.5 1.9931280954007328e-157
150.0 87.0 1.030462061713532e-158
150.0 87.5 5.296754381538264e-160
150.0 88.0 2.7069660425429986e-161
150.0 88.5 1.3755135822203223e-162
150.0 89.0 6.9497608588677e-164
150.0 89.5 3.491494708142785e-165
150.0 90.0 1.7442268269380694e-166
150.0 90.5 8.664787780790824e-168
150.0 91.0 4.2804506715342123e-169
150.0 91.5 2.1028617416717224e-170
150.0 92.0 1.0273880698989541e-171
150.0 92.5 4.9919896000753525e-173
150.0 93.0 2.4123528047390052e-174
150.0 93.5 1.1594405394204298e-175
150.0 94.0 5.54254237127979e-177
150.0 94.5 2.6353280901909504e-178
150.0 95.0 1.2463430813909228e-179
150.0 95.5 5.863133210213418e-181
150.0 96.0 2.7436140702026715e-182
150.0 96.5 1.2771124308842402e-183
150.0 97.0 5.913705844816671e-185
150.0 97.5 2.7241203220273447e-186
150.0 98.0 1.2483610921146975e-187
150.0 98.5 5.691317370134894e-189
150.0 99.0 2.581388968572748e-190
150.0 99.5 1.1625364223504216e-191
150.0 100.0 0.0


200.0 -100.0 0
200.0 -99.5 1.0226932599082103e-171
200.0 -99.0 1.7200666628589253e-170
200.0 -98.5 2.868447819752718e-169
200.0 -98.0 4.759369935631987e-168
200.0 -97.5 7.856828174696172e-167
200.0 -97.0 1.2904150115066428e-165
200.0 -96.5 2.1085546587938762e-164
200.0 -96.0 3.42769729575794e-163
200.0 -95.5 5.543332444623869e-162
200.0 -95.0 8.918233953457286e-161
200.0 -94.5 1.4272983469584057e-159
200.0 -94.0 2.2723069897432935e-158
200.0 -93.5 3.59851933352284e-157
200.0 -93.0 5.668568557245304e-156
200.0 -92.5 8.881855496443948e-155
200.0 -92.0 1.384212042064232e-153
200.0 -91.5 2.145645251189137e-152
200.0 -91.0 3.307936926408436e-151
200.0 -90.5 5.072102478159033e-150
200.0 -90.0 7.734596816402542e-149
200.0 -89.5 1.1729876178232078e-147
200.0 -89.0 1.7690591364344525e-146
200.0 -88.5 2.6532086080961825e-145
200.0 -88.0 3.957012060855586e-144
200.0 -87.5 5.868362604300543e-143
200.0 -87.0 8.653795190073244e-142
200.0 -86.5 1.2688864312082837e-140
200.0 -86.0 1.8499141565346827e-139
200.0 -85.5 2.6815082550232793e-138
200.0 -85.0 3.8644824695209737e-137
200.0 -84.5 5.536992393927947e-136
200.0 -84.0 7.887011485397797e-135
200.0 -83.5 1.116843688303159e-133
200.0 -83.0 1.5721679383179585e-132
200.0 -82.5 2.1999720912139424e-131
200.0 -82.0 3.0600745239790662e-130
200.0 -81.5 4.230855130908225e-129
200.0 -81.0 5.814202723309435e-128
200.0 -80.5 7.941497620729934e-127
200.0 -80.0 1.0780751836410072e-125
200.0 -79.5 1.4545011595978365e-124
200.0 -79.0 1.950209510688151e-123
200.0 -78.5 2.598568914507348e-122
200.0 -78.0 3.4407757862258616e-121
200.0 -77.5 4.527212338412686e-120
200.0 -77.0 5.918895826646477e-119
200.0 -76.5 7.688978407372406e-118
200.0 -76.0 9.924239956939752e-117
200.0 -75.5 1.2726497014617787e-115
200.0 -75.0 1.6213830420179934e-114
200.0 -74.5 2.0521513282263993e-113
200.0 -74.0 2.580250109072759e-112
200.0 -73.5 3.2227328917138026e-111
200.0 -73.0 3.9983248924044767e-110
200.0 -72.5 4.927243727883062e-109
200.0 -72.0 6.0309105613962e-108
200.0 -71.5 7.331537088502917e-107
200.0 -71.0 8.85157710125756e-106
200.0 -70.5 1.0613036359025298e-104
200.0 -70.0 1.263664117966093e-103
200.0 -69.5 1.4940874480561578e-102
200.0 -69.0 1.7540897727430975e-101
200.0 -68.5 2.0447388000419425e-100
200.0 -68.0 2.3665330595426218e-99
200.0 -67.5 2.7192818506623456e-98
200.0 -67.0 3.1019919907830705e-97
200.0 -66.5 3.5127682396472396e-96
200.0 -66.0 3.948734729260353e-95
200.0 -65.5 4.4059847767727387e-94
200.0 -65.0 4.8795660244652884e-93
200.0 -64.5 5.363506885172462e-92
200.0 -64.0 5.850888757774261e-91
200.0 -63.5 6.333966443239037e-90
200.0 -63.0 6.804336712036747e-89
200.0 -62.5 7.253152171543137e-88
200.0 -62.0 7.671374624199391e-87
200.0 -61.5 8.050059195358177e-86
200.0 -61.0 8.380657866563557e-85
200.0 -60.5 8.655328901320119e-84
200.0 -60.0 8.867237205022915e-83
200.0 -59.5 9.010830089584928e-82
200.0 -59.0 9.082073330186004e-81
200.0 -58.5 9.078633847591916e-80
200.0 -58.0 8.999997783469406e-79
200.0 -57.5 8.847516032327254e-78
200.0 -57.0 8.624373247885253e-77
200.0 -56.5 8.335480685219445e-76
200.0 -56.0 7.987297661423801e-75
200.0 -55.5 7.587590588985316e-74
200.0 -55.0 7.145142142915022e-73
200.0 -54.5 6.669425892311284e-72
200.0 -54.0 6.170263454379055e-71
200.0 -53.5 5.657481795555198e-70
200.0 -53.0 5.140587689130072e-69
200.0 -52.5 4.6284746186528925e-68
200.0 -52.0 4.129174757899384e-67
200.0 -51.5 3.6496652995551763e-66
200.0 -51.0 3.1957346319711624e-65
200.0 -50.5 2.7719099818965096e-64
200.0 -50.0 2.381444447270279e-63
200.0 -49.5 2.026358098596572e-62
200.0 -49.0 1.7075252338577373e-61
200.0 -48.5 1.4247980629450383e-60
200.0 -48.0 1.1771561286619745e-59
200.0 -47.5 9.62870622905782e-59
200.0 -47.0 7.796733434147563e-58
200.0 -46.5 6.249212225043092e-57
200.0 -46.0 4.957489761146373e-56
200.0 -45.5 3.8920428784080544e-55
200.0 -45.0 3.023618821975153e-54
200.0 -44.5 2.3241469844100876e-53
200.0 -44.0 1.7674202661720212e-52
200.0 -43.5 1.3295582471978539e-51
200.0 -43.0 9.892745284850426e-51
200.0 -42.5 7.2797726689909145e-50
200.0 -42.0 5.297352904606272e-49
200.0 -41.5 3.81142681749508e-48
200.0 -41.0 2.7111293575555705e-47
200.0 -40.5 1.90630379726315e-46
200.0 -40.0 1.324821208787556e-45
200.0 -39.5 9.098893278937535e-45
200.0 -39.0 6.174867086397166e-44
200.0 -38.5 4.140137004904027e-43
200.0 -38.0 2.7421351138552664e-42
200.0 -37.5 1.7938562272027635e-41
200.0 -37.0 1.1589034326994108e-40
200.0 -36.5 7.392688791591082e-40
200.0 -36.0 4.655714799740783e-39
200.0 -35.5 2.894214599477372e-38
200.0 -35.0 1.7756834281216142e-37
200.0 -34.5 1.0750264916187925e-36
200.0 -34.0 6.42123023710334e-36
200.0 -33.5 3.7834466991372247e-35
200.0 -33.0 2.198620666496969e-34
200.0 -32.5 1.2598748153892774e-33
200.0 -32.0 7.117672538056499e-33
200.0 -31.5 3.9636856437627985e-32
200.0 -31.0 2.1753339918928248e-31
200.0 -30.5 1.1763349149640956e-30
200.0 -30.0 6.2664966294212195e-30
200.0 -29.5 3.287876843606708e-29
200.0 -29.0 1.6986694100826893e-28
200.0 -28.5 8.639884531840301e-28
200.0 -28.0 4.325270658418382e-27
200.0 -27.5 2.1307020704132926e-26
200.0 -27.0 1.0325979121585493e-25
200.0 -26.5 4.92187856094373e-25
200.0 -26.0 2.306804055607273e-24
200.0 -25.5 1.0628122534532032e-23
200.0 -25.0 4.8122816555707366e-23
200.0 -24.5 2.1407865787537065e-22
200.0 -24.0 9.354040587161992e-22
200.0 -23.5 4.013291500467555e-21
200.0 -23.0 1.6902306997131275e-20
200.0 -22.5 6.985530654051174e-20
200.0 -22.0 2.832182191063889e-19
200.0 -21.5 1.1260750517486658e-18
200.0 -21.0 4.389241294188032e-18
200.0 -20.5 1.676619839145743e-17
200.0 -20.0 6.27400856256226e-17
200.0 -19.5 2.299102992173069e-16
200.0 -19.0 8.247208103939657e-16
200.0 -18.5 2.894795238428295e-15
200.0 -18.0 9.938317592495796e-15
200.0 -17.5 3.335862888171918e-14
200.0 -17.0 1.0942441410529579e-13
200.0 -16.5 3.506190247397867e-13
200.0 -16.0 1.0969083298887756e-12
200.0 -15.5 3.348967651650719e-12
200.0 -15.0 9.973396563924351e-12
200.0 -14.5 2.8956493508479006e-11
200.0 -14.0 8.192042348941424e-11
200.0 -13.5 2.2570834090692753e-10
200.0 -13.0 6.05300883901492e-10
200.0 -12.5 1.5791215577768271e-09
200.0 -12.0 4.005215308924098e-09
200.0 -11.5 9.87054245690838e-09
200.0 -11.0 2.3620727460372544e-08
200.0 -10.5 5.485402865240776e-08
200.0 -10.0 1.2353974711649209e-07
200.0 -9.5 2.6965105342208e-07
200.0 -9.0 5.700383027058236e-07
200.0 -8.5 1.1663190438149925e-06
200.0 -8.0 2.3080408730694907e-06
200.0 -7.5 4.414497874815504e-06
200.0 -7.0 8.155083612185215e-06
200.0 -6.5 1.4540607542264008e-05
200.0 -6.0 2.5005943305067134e-05
200.0 -5.5 4.144896417647661e-05
200.0 -5.0 6.617635698215641e-05
200.0 -4.5 0.00010170162300994925
200.0 -4.0 0.00015035455355988213
200.0 -3.5 0.00021370280513479664
200.0 -3.0 0.0002918544929302067
200.0 -2.5 0.00038279119433921
200.0 -2.0 0.0004819433637694185
200.0 -1.5 0.0005822276266061997
200.0 -1.0 0.0006746901506571679
200.0 -0.5 0.0007497437935255831
200.0 0.0 0.0007987901119063698
200.0 0.5 0.0008158527111997168
200.0 1.0 0.0007987901119063698
200.0 1.5 0.0007497437935255831
200.0 2.0 0.0006746901506571679
200.0 2.5 0.0005822276266061997
200.0 3.0 0.0004819433637694185
200.0 3.5 0.00038279119433921
200.0 4.0 0.0002918544929302067
200.0 4.5 0.00021370280513479664
200.0 5.0 0.00015035455355988213
200.0 5.5 0.00010170162300994925
200.0 6.0 6.617635698215641e-05
200.0 6.5 4.144896417647661e-05
200.0 7.0 2.5005943305067134e-05
200.0 7.5 1.4540607542264008e-05
200.0 8.0 8.155083612185215e-06
200.0 8.5 4.414497874815504e-06
200.0 9.0 2.3080408730694907e-06
200.0 9.5 1.1663190438149925e-06
200.0 10.0 5.700383027058236e-07
200.0 10.5 2.6965105342208e-07
200.0 11.0 1.2353974711649209e-07
200.0 11.5 5.485402865240776e-08
200.0 12.0 2.3620727460372544e-08
200.0 12.5 9.87054245690838e-09
200.0 13.0 4.005215308924098e-09
200.0 13.5 1.5791215577768271e-09
200.0 14.0 6.05300883901492e-10
200.0 14.5 2.2570834090692753e-10
200.0 15.0 8.192042348941424e-11
200.0 15.5 2.8956493508479006e-11
200.0 16.0 9.973396563924351e-12
200.0 16.5 3.348967651650719e-12
200.0 17.0 1.0969083298887756e-12
200.0 17.5 3.506190247397867e-13
200.0 18.0 1.0942441410529579e-13
200.0 18.5 3.335862888171918e-14
200.0 19.0 9.938317592495796e-15
200.0 19.5 2.894795238428295e-15
200.0 20.0 8.247208103939657e-16
200.0 20.5 2.299102992173069e-16
200.0 21.0 6.27400856256226e-17
200.0 21.5 1.676619839145743e-17
200.0 22.0 4.389241294188032e-18
200.0 22.5 1.1260750517486658e-18
200.0 23.0 2.832182191063889e-19
200.0 23.5 6.985530654051174e-20
200.0 24.0 1.6902306997131275e-20
200.0 24.5 4.013291500467555e-21
200.0 25.0 9.354040587161992e-22
200.0 25.5 2.1407865787537065e-22
200.0 26.0 4.8122816555707366e-23
200.0 26.5 1.0628122534532032e-23
200.0 27.0 2.306804055607273e-24
200.0 27.5 4.92187856094373e-25
200.0 28.0 1.0325979121585493e-25
200.0 28.5 2.1307020704132926e-26
200.0 29.0 4.325270658418382e-27
200.0 29.5 8.639884531840301e-28
200.0 30.0 1.6986694100826893e-28
200.0 30.5 3.287876843606708e-29
200.0 31.0 6.2664966294212195e-30
200.0 31.5 1.1763349149640956e-30
200.0 32.0 2.1753339918928248e-31
200.0 32.5 3.9636856437627985e-32
200.0 33.0 7.117672538056499e-33
200.0 33.5 1.2598748153892774e-33
200.0 34.0 2.198620666496969e-34
200.0 34.5 3.7834466991372247e-35
200.0 35.0 6.42123023710334e-36
200.0 35.5 1.0750264916187925e-36
200.0 36.0 1.7756834281216142e-37
200.0 36.5 2.894214599477372e-38
200.0 37.0 4.655714799740783e-39
200.0 37.5 7.392688791591082e-40
200.0 38.0 1.1589034326994108e-40
200.0 38.5 1.7938562272027635e-41
200.0 39.0 2.7421351138552664e-42
200.0 39.5 4.140137004904027e-43
200.0 40.0 6.174867086397166e-44
200.0 40.5 9.098893278937535e-45
200.0 41.0 1.324821208787556e-45
200.0 41.5 1.90630379726315e-46
200.0 42.0 2.7111293575555705e-47
200.0 42.5 3.81142681749508e-48
200.0 43.0 5.297352904606272e-49
200.0 43.5 7.2797726689909145e-50
200.0 44.0 9.892745284850426e-51
200.0 44.5 1.3295582471978539e-51
200.0 45.0 1.7674202661720212e-52
200.0 45.5 2.3241469844100876e-53
200.0 46.0 3.023618821975153e-54
200.0 46.5 3.8920428784080544e-55
200.0 47.0 4.957489761146373e-56
200.0 47.5 6.249212225043092e-57
200.0 48.0 7.796733434147563e-58
200.0 48.5 9.62870622905782e-59
200.0 49.0 1.1771561286619745e-59
200.0 49.5 1.4247980629450383e-60
200.0 50.0 1.7075252338577373e-61
200.0 50.5 2.026358098596572e-62
200.0 51.0 2.381444447270279e-63
200.0 51.5 2.7719099818965096e-64
200.0 52.0 3.1957346319711624e-65
200.0 52.5 3.6496652995551763e-66
200.0 53.0 4.129174757899384e-67
200.0 53.5 4.6284746186528925e-68
200.0 54.0 5.140587689130072e-69
200.0 54.5 5.657481795555198e-70
200.0 55.0 6.170263454379055e-71
200.0 55.5 6.669425892311284e-72
200.0 56.0 7.145142142915022e-73
200.0 56.5 7.587590588985316e-74
200.0 57.0 7.987297661423801e-75
200.0 57.5 8.335480685219445e-76
200.0 58.0 8.624373247885253e-77
200.0 58.5 8.847516032327254e-78
200.0 59.0 8.999997783469406e-79
200.0 59.5 9.078633847591916e-80
200.0 60.0 9.082073330186004e-81
200.0 60.5 9.010830089584928e-82
200.0 61.0 8.867237205022915e-83
200.0 61.5 8.655328901320119e-84
200.0 62.0 8.380657866563557e-85
200.0 62.5 8.050059195358177e-86
200.0 63.0 7.671374624199391e-87
200.0 63.5 7.253152171543137e-88
200.0 64.0 6.804336712036747e-89
200.0 64.5 6.333966443239037e-90
200.0 65.0 5.850888757774261e-91
200.0 65.5 5.363506885172462e-92
200.0 66.0 4.8795660244652884e-93
200.0 66.5 4.4059847767727387e-94
200.0 67.0 3.948734729260353e-95
200.0 67.5 3.5127682396472396e-96
200.0 68.0 3.1019919907830705e-97
200.0 68.5 2.7192818506623456e-98
200.0 69.0 2.3665330595426218e-99
200.0 69.5 2.0447388000419425e-100
200.0 70.0 1.7540897727430975e-101
200.0 70.5 1.4940874480561578e-102
200.0 71.0 1.263664117966093e-103
200.0 71.5 1.0613036359025298e-104
200.0 72.0 8.85157710125756e-106
200.0 72.5 7.331537088502917e-107
200.0 73.0 6.0309105613962e-108
200.0 73.5 4.927243727883062e-109
200.0 74.0 3.9983248924044767e-110
200.0 74.5 3.2227328917138026e-111
200.0 75.0 2.580250109072759e-112
200.0 75.5 2.0521513282263993e-113
200.0 76.0 1.6213830420179934e-114
200.0 76.5 1.2726497014617787e-115
200.0 77.0 9.924239956939752e-117
200.0 77.5 7.688978407372406e-118
200.0 78.0 5.918895826646477e-119
200.0 78.5 4.527212338412686e-120
200.0 79.0 3.4407757862258616e-121
200.0 79.5 2.598568914507348e-122
200.0 80.0 1.950209510688151e-123
200.0 80.5 1.4545011595978365e-124
200.0 81.0 1.0780751836410072e-125
200.0 81.5 7.941497620729934e-127
200.0 82.0 5.814202723309435e-128
200.0 82.5 4.230855130908225e-129
200.0 83.0 3.0600745239790662e-130
200.0 83.5 2.1999720912139424e-131
200.0 84.0 1.5721679383179585e-132
200.0 84.5 1.116843688303159e-133
200.0 85.0 7.887011485397797e-135
200.0 85.5 5.536992393927947e-136
200.0 86.0 3.8644824695209737e-137
200.0 86.5 2.6815082550232793e-138
200.0 87.0 1.8499141565346827e-139
200.0 87.5 1.2688864312082837e-140
200.0 88.0 8.653795190073244e-142
200.0 88.5 5.868362604300543e-143
200.0 89.0 3.957012060855586e-144
200.0 89.5 2.6532086080961825e-145
200.0 90.0 1.7690591364344525e-146
200.0 90.5 1.1729876178232078e-147
200.0 91.0 7.734596816402542e-149
200.0 91.5 5.072102478159033e-150
200.0 92.0 3.307936926408436e-151
200.0 92.5 2.145645251189137e-152
200.0 93.0 1.384212042064232e-153
200.0 93.5 8.881855496443948e-155
200.0 94.0 5.668568557245304e-156
200.0 94.5 3.59851933352284e-157
200.0 95.0 2.2723069897432935e-158
200.0 95.5 1.4272983469584057e-159
200.0 96.0 8.918233953457286e-161
200.0 96.5 5.543332444623869e-162
200.0 97.0 3.4276972957579316e-163
200.0 97.5 2.1085546587926404e-164
200.0 98.0 1.2904150112950824e-165
200.0 98.5 7.856827814781022e-167
200.0 99.0 4.759309008040845e-168
200.0 99.5 2.8581850189679005e-169
200.0 100.0 0.0


