0 0.0 0
0 0.2 0
0 0.4 0
0 0.6000000000000001 0
0 0.8 0
0 1.0 0
0 1.2000000000000002 0
0 1.4000000000000001 0
0 1.6 0
0 1.8 0
0 2.0 0
0 2.2 5.5
0 2.4000000000000004 5.5
0 2.6 5.5
0 2.8000000000000003 5.5
0 3.0 5.5
0 3.2 5.5
0 3.4000000000000004 5.5
0 3.6 5.5
0 3.8000000000000003 5.5
0 4.0 5.5
0 4.2 5.5
0 4.4 5.5
0 4.6000000000000005 5.5
0 4.800000000000001 5.5
0 5.0 5.5
0 5.2 5.5
0 5.4 0
0 5.6000000000000005 0
0 5.800000000000001 0
0 6.0 0
0 6.2 0
0 6.4 0
0 6.6000000000000005 0
0 6.800000000000001 0
0 7.0 0
0 7.2 0
0 7.4 0
0 7.6000000000000005 0
0 7.800000000000001 0
0 8.0 0
0 8.200000000000001 0
0 8.4 0
0 8.6 0
0 8.8 0
0 9.0 0
0 9.200000000000001 0
0 9.4 0
0 9.600000000000001 0
0 9.8 0
0 10.0 0
0 10.200000000000001 0
0 10.4 0
0 10.600000000000001 0
0 10.8 0
0 11.0 0
0 11.200000000000001 0
0 11.4 0
0 11.600000000000001 0
0 11.8 0
0 12.0 0
0 12.200000000000001 0
0 12.4 0
0 12.600000000000001 0
0 12.8 0
0 13.0 0
0 13.200000000000001 0
0 13.4 0
0 13.600000000000001 0
0 13.8 0
0 14.0 0
0 14.200000000000001 0
0 14.4 0
0 14.600000000000001 0
0 14.8 0
0 15.0 0
0 15.200000000000001 0
0 15.4 0
0 15.600000000000001 0
0 15.8 0
0 16.0 0
0 16.2 0
0 16.400000000000002 0
0 16.6 0
0 16.8 0
0 17.0 0
0 17.2 0
0 17.400000000000002 0
0 17.6 0
0 17.8 0
0 18.0 0
0 18.2 0
0 18.400000000000002 0
0 18.6 0
0 18.8 0
0 19.0 0
0 19.200000000000003 0
0 19.400000000000002 0
0 19.6 0
0 19.8 0


100.0 0.0 0
100.0 0.2 0.2064638747546523
100.0 0.4 0.41761299039211697
100.0 0.6000000000000001 0.6376774277854075
100.0 0.8 0.8700102043821805
100.0 1.0 1.1167296639038282
100.0 1.2000000000000002 1.378452754478285
100.0 1.4000000000000001 1.6541392050710046
100.0 1.6 1.9410581559667186
100.0 1.8 2.2348790530410363
100.0 2.0 2.5298784797986875
100.0 2.2 2.819245213851601
100.0 2.4000000000000004 3.0954583322352573
100.0 2.6 3.350708609409706
100.0 2.8000000000000003 3.577332247769026
100.0 3.0 3.7682280408429176
100.0 3.2 3.9172336834335946
100.0 3.4000000000000004 4.019442974285251
100.0 3.6 4.071451838974837
100.0 3.8000000000000003 4.071526371606324
100.0 4.0 4.01968987009988
100.0 4.2 3.9177281443979357
100.0 4.4 3.769113779960465
100.0 4.6000000000000005 3.5788514275262377
100.0 4.800000000000001 3.35324843691458
100.0 5.0 3.099618786409273
100.0 5.2 2.825933240257114
100.0 5.4 2.540434338088495
100.0 5.6000000000000005 2.251240052059901
100.0 5.800000000000001 1.9659634343210637
100.0 6.0 1.6913761980685451
100.0 6.2 1.4331413156170232
100.0 6.4 1.1956334601373844
100.0 6.6000000000000005 0.9818572557121187
100.0 6.800000000000001 0.7934631647699052
100.0 7.0 0.6308510087946188
100.0 7.2 0.493343067560167
100.0 7.4 0.3794035209018581
100.0 7.6000000000000005 0.2868791929723154
100.0 7.800000000000001 0.21323801888128124
100.0 8.0 0.15578573817897307
100.0 8.200000000000001 0.11184705420710524
100.0 8.4 0.07890380302193875
100.0 8.6 0.054688576861011896
100.0 8.8 0.037237028753318364
100.0 9.0 0.024905358203682396
100.0 9.200000000000001 0.01636117411832388
100.0 9.4 0.010556235322123846
100.0 9.600000000000001 0.006688823564029459
100.0 9.8 0.004162109089590803
100.0 10.0 0.002543200886800226
100.0 10.200000000000001 0.0015259313784522993
100.0 10.4 0.000899006916461373
100.0 10.600000000000001 0.0005200606375354047
100.0 10.8 0.0002953925387897463
100.0 11.0 0.00016473790118372124
100.0 11.200000000000001 9.020526969571668e-05
100.0 11.4 4.849672416008309e-05
100.0 11.600000000000001 2.559967319324652e-05
100.0 11.8 1.3267798913701665e-05
100.0 12.0 6.751621239964245e-06
100.0 12.200000000000001 3.373381925250382e-06
100.0 12.4 1.6549155747422198e-06
100.0 12.600000000000001 7.971585172227728e-07
100.0 12.8 3.7703231842000846e-07
100.0 13.0 1.7509946649287618e-07
100.0 13.200000000000001 7.984936024796266e-08
100.0 13.4 3.5755846742298504e-08
100.0 13.600000000000001 1.5722473559003303e-08
100.0 13.8 6.788948176951774e-09
100.0 14.0 2.878736786186614e-09
100.0 14.200000000000001 1.1987527683237211e-09
100.0 14.4 4.902257470551365e-10
100.0 14.600000000000001 1.968848401757441e-10
100.0 14.8 7.765851839816348e-11
100.0 15.0 3.008414620735899e-11
100.0 15.200000000000001 1.1446407734384414e-11
100.0 15.4 4.277547537120659e-12
100.0 15.600000000000001 1.5700943206022166e-12
100.0 15.8 5.660737207810921e-13
100.0 16.0 2.0046916536921366e-13
100.0 16.2 6.973653309089789e-14
100.0 16.400000000000002 2.3829886715722146e-14
100.0 16.6 7.999133114923974e-15
100.0 16.8 2.6377487356585286e-15
100.0 17.0 8.544830341222083e-16
100.0 17.2 2.7193346852133445e-16
100.0 17.400000000000002 8.501986990218684e-17
100.0 17.6 2.611474453162596e-17
100.0 17.8 7.880746326494395e-18
100.0 18.0 2.3365409419812424e-18
100.0 18.2 6.806310717286045e-19
100.0 18.400000000000002 1.9480042136419497e-19
100.0 18.6 5.477907810425653e-20
100.0 18.8 1.5135358959139518e-20
100.0 19.0 4.108938229395084e-21
100.0 19.200000000000003 1.0960388959409243e-21
100.0 19.400000000000002 2.872142824328024e-22
100.0 19.6 7.371280869178945e-23
100.0 19.8 1.7585341102087185e-23


200.0 0.0 0
200.0 0.2 0.23955576767209272
200.0 0.4 0.478563051955916
200.0 0.6000000000000001 0.7164013012672172
200.0 0.8 0.9523113583475787
200.0 1.0 1.1853396141119579
200.0 1.2000000000000002 1.4142972991807952
200.0 1.4000000000000001 1.6377383509684948
200.0 1.6 1.8539580614162972
200.0 1.8 2.0610133379751856
200.0 2.0 2.2567639911299833
200.0 2.2 2.4389330899111514
200.0 2.4000000000000004 2.60518319150371
200.0 2.6 2.753204229971471
200.0 2.8000000000000003 2.880808103775517
200.0 3.0 2.986024573927135
200.0 3.2 3.06719299430798
200.0 3.4000000000000004 3.123044640843562
200.0 3.6 3.1527709637376016
200.0 3.8000000000000003 3.1560739150854737
200.0 4.0 3.1331955457503167
200.0 4.2 3.084925251960356
200.0 4.4 3.012584308402645
200.0 4.6000000000000005 2.917988573236957
200.0 4.800000000000001 2.803391416534105
200.0 5.0 2.671409939183754
200.0 5.2 2.5249383572616617
200.0 5.4 2.3670529844137818
200.0 5.6000000000000005 2.2009135260264183
200.0 5.800000000000001 2.029665396139153
200.0 6.0 1.8563474921839764
200.0 6.2 1.6838093423324327
200.0 6.4 1.514640819547315
200.0 6.6000000000000005 1.3511167513811666
200.0 6.800000000000001 1.1951578087313035
200.0 7.0 1.0483080963252625
200.0 7.2 0.9117289562784424
200.0 7.4 0.786207689844402
200.0 7.6000000000000005 0.6721792462221088
200.0 7.800000000000001 0.5697584514040216
200.0 8.0 0.4787800691344842
200.0 8.200000000000001 0.39884389889881716
200.0 8.4 0.3293622069436706
200.0 8.6 0.2696070284121807
200.0 8.8 0.2187552363248261
200.0 9.0 0.17592970658447613
200.0 9.200000000000001 0.14023537720143683
200.0 9.4 0.11078946726510093
200.0 9.600000000000001 0.08674555527156898
200.0 9.8 0.06731159319842704
200.0 10.0 0.05176223650201639
200.0 10.200000000000001 0.03944609359582193
200.0 10.4 0.029788641418258714
200.0 10.600000000000001 0.022291622578885704
200.0 10.8 0.016529744859844153
200.0 11.0 0.01214545876061545
200.0 11.200000000000001 0.008842507506939492
200.0 11.4 0.006378840275597627
200.0 11.600000000000001 0.0045593656123084384
200.0 11.8 0.003228908272664074
200.0 12.0 0.002265626638312366
200.0 12.200000000000001 0.0015750545853686947
200.0 12.4 0.0010848540467493055
200.0 12.600000000000001 0.0007403034244352359
200.0 12.8 0.000500501898699107
200.0 13.0 0.0003352389515927945
200.0 13.200000000000001 0.0002224598718210505
200.0 13.4 0.00014624919095313746
200.0 13.600000000000001 9.525249633002499e-05
200.0 13.8 6.146066826234436e-05
200.0 14.0 3.9287418523286786e-05
200.0 14.200000000000001 2.487955761246905e-05
200.0 14.4 1.5608556491707774e-05
200.0 14.600000000000001 9.700900687917278e-06
200.0 14.8 5.972954707675616e-06
200.0 15.0 3.6432849299323853e-06
200.0 15.200000000000001 2.2015218187884756e-06
200.0 15.4 1.3178872183110198e-06
200.0 15.600000000000001 7.815533002529603e-07
200.0 15.8 4.5915996000838335e-07
200.0 16.0 2.672358068225495e-07
200.0 16.2 1.5408164818010672e-07
200.0 16.400000000000002 8.801028200593358e-08
200.0 16.6 4.980155916047534e-08
200.0 16.8 2.791775438464287e-08
200.0 17.0 1.5504122890245534e-08
200.0 17.2 8.529909606220346e-09
200.0 17.400000000000002 4.649150974117668e-09
200.0 17.6 2.5103628393420434e-09
200.0 17.8 1.3428723547342027e-09
200.0 18.0 7.116561155136844e-10
200.0 18.2 3.7363239765053287e-10
200.0 18.400000000000002 1.9433826407067434e-10
200.0 18.6 1.0013984549578964e-10
200.0 18.8 5.111669191877603e-11
200.0 19.0 2.5840355072833527e-11
200.0 19.200000000000003 1.2919732236719985e-11
200.0 19.400000000000002 6.352868677169597e-12
200.0 19.6 2.9948179658261474e-12
200.0 19.8 1.1855526159912869e-12


300.0 0.0 0
300.0 0.2 0.21330065472779233
300.0 0.4 0.42531666383142147
300.0 0.6000000000000001 0.6347589808001868
300.0 0.8 0.8403308021019743
300.0 1.0 1.0407262294584134
300.0 1.2000000000000002 1.2346317864854472
300.0 1.4000000000000001 1.4207314300180613
300.0 1.6 1.5977154551739685
300.0 1.8 1.7642934214614945
300.0 2.0 1.9192109420055135
300.0 2.2 2.061269897031837
300.0 2.4000000000000004 2.1893513735451555
300.0 2.6 2.3024404116480217
300.0 2.8000000000000003 2.3996514677426237
300.0 3.0 2.4802533962558915
300.0 3.2 2.5436927110163023
300.0 3.4000000000000004 2.5896139172911026
300.0 3.6 2.6178758038164287
300.0 3.8000000000000003 2.628562744916601
300.0 4.0 2.621990276403801
300.0 4.2 2.598704462826203
300.0 4.4 2.559474853133403
300.0 4.6000000000000005 2.505281111127819
300.0 4.800000000000001 2.4372936901643203
300.0 5.0 2.356849183230289
300.0 5.2 2.2654212062420664
300.0 5.4 2.1645878530157043
300.0 5.6000000000000005 2.0559968867949086
300.0 5.800000000000001 1.9413299006961369
300.0 6.0 1.8222666867128414
300.0 6.2 1.7004510021792794
300.0 6.4 1.5774588191246286
300.0 6.6000000000000005 1.4547699936947394
300.0 6.800000000000001 1.3337441097593403
300.0 7.0 1.215601044258702
300.0 7.2 1.1014065836516986
300.0 7.4 0.9920632027179488
300.0 7.6000000000000005 0.8883059098064406
300.0 7.800000000000001 0.7907028758541471
300.0 8.0 0.6996604056930201
300.0 8.200000000000001 0.6154316847318081
300.0 8.4 0.5381286451548353
300.0 8.6 0.46773624416785514
300.0 8.8 0.404128431283166
300.0 9.0 0.3470850990960229
300.0 9.200000000000001 0.2963093579393636
300.0 9.4 0.2514445436699326
300.0 9.600000000000001 0.21209045351382189
300.0 9.8 0.17781840111211183
300.0 10.0 0.14818478262493717
300.0 10.200000000000001 0.1227429455043079
300.0 10.4 0.101053245669704
300.0 10.600000000000001 0.08269126362216123
300.0 10.8 0.06725422286421309
300.0 11.0 0.05436571325098003
300.0 11.200000000000001 0.04367886695491993
300.0 11.4 0.03487816581353844
300.0 11.600000000000001 0.027680076878328082
300.0 11.8 0.021832719455427304
300.0 12.0 0.01711476363568093
300.0 12.200000000000001 0.013333749247577643
300.0 12.4 0.010323997356821359
300.0 12.600000000000001 0.007944265815419644
300.0 12.8 0.006075277679743193
300.0 13.0 0.004617228069952483
300.0 13.200000000000001 0.0034873524465386823
300.0 13.4 0.002617618252693658
300.0 13.600000000000001 0.0019525830489383854
300.0 13.8 0.0014474460262372043
300.0 14.0 0.0010663062818846109
300.0 14.200000000000001 0.0007806304559560204
300.0 14.4 0.0005679240968252272
300.0 14.600000000000001 0.0004105952001903517
300.0 14.8 0.00029499443892429267
300.0 15.0 0.00021061433794161187
300.0 15.200000000000001 0.000149428716791184
300.0 15.4 0.00010535380975047169
300.0 15.600000000000001 7.381329759217483e-05
300.0 15.8 5.1390804840201125e-05
300.0 16.0 3.555503117969066e-05
300.0 16.2 2.444443721393799e-05
300.0 16.400000000000002 1.6700173068386045e-05
300.0 16.6 1.1337637704285105e-05
300.0 16.8 7.648630432922992e-06
300.0 17.0 5.127470701010313e-06
300.0 17.2 3.4157026561788367e-06
300.0 17.400000000000002 2.261065666480718e-06
300.0 17.6 1.4873085807921602e-06
300.0 17.8 9.721677674490306e-07
300.0 18.0 6.314338431644537e-07
300.0 18.2 4.075177790094905e-07
300.0 18.400000000000002 2.613118787749272e-07
300.0 18.6 1.6644200952920788e-07
300.0 18.8 1.0523980753998239e-07
300.0 19.0 6.594083028502288e-08
300.0 19.200000000000003 4.074821402389194e-08
300.0 19.400000000000002 2.4500822916127193e-08
300.0 19.6 1.3757847850438006e-08
300.0 19.8 6.164443389652407e-09


400.0 0.0 0
400.0 0.2 0.18164663925872138
400.0 0.4 0.36209436349165225
400.0 0.6000000000000001 0.5401519591001179
400.0 0.8 0.7146437601247155
400.0 1.0 0.8844177692157956
400.0 1.2000000000000002 1.0483541546455073
400.0 1.4000000000000001 1.205374183886691
400.0 1.6 1.354449604035704
400.0 1.8 1.4946124228070148
400.0 2.0 1.624964984585488
400.0 2.2 1.7446901778984438
400.0 2.4000000000000004 1.8530615574487903
400.0 2.6 1.9494531190667117
400.0 2.8000000000000003 2.0333484326644067
400.0 3.0 2.1043488189500072
400.0 3.2 2.162180251926162
400.0 3.4000000000000004 2.20669868184494
400.0 3.6 2.2378935021778803
400.0 3.8000000000000003 2.2558889282503998
400.0 4.0 2.260943112608655
400.0 4.2 2.253444890335143
400.0 4.4 2.2339081232351896
400.0 4.6000000000000005 2.202963691517528
400.0 4.800000000000001 2.161349261535299
400.0 5.0 2.1098970346011554
400.0 5.2 2.0495197513191385
400.0 5.4 1.9811952851615222
400.0 5.6000000000000005 1.9059502055879316
400.0 5.800000000000001 1.8248427229549484
400.0 6.0 1.738945443644482
400.0 6.2 1.6493283638787302
400.0 6.4 1.5570425149920923
400.0 6.6000000000000005 1.463104642620826
400.0 6.800000000000001 1.3684832591081646
400.0 7.0 1.2740863546804018
400.0 7.2 1.180750991279368
400.0 7.4 1.0892349362153877
400.0 7.6000000000000005 1.0002104239797225
400.0 7.800000000000001 0.9142600664963766
400.0 8.0 0.8318748674569869
400.0 8.200000000000001 0.7534542374989438
400.0 8.4 0.6793078557691411
400.0 8.6 0.6096591812995363
400.0 8.8 0.5446503855331718
400.0 9.0 0.48434845569649426
400.0 9.200000000000001 0.4287522074448896
400.0 9.4 0.3777999438026467
400.0 9.600000000000001 0.33137750499089136
400.0 9.8 0.2893264691057534
400.0 10.0 0.2514522853815576
400.0 10.200000000000001 0.2175321484339138
400.0 10.4 0.18732245186950885
400.0 10.600000000000001 0.16056569145482608
400.0 10.8 0.1369967202400382
400.0 11.0 0.11634828937849835
400.0 11.200000000000001 0.0983558378032157
400.0 11.4 0.08276152057508532
400.0 11.600000000000001 0.06931748898788263
400.0 11.8 0.0577884550124289
400.0 12.0 0.04795358820919566
400.0 12.200000000000001 0.03960780484680982
400.0 12.4 0.03256251680626079
400.0 12.600000000000001 0.026645912228516786
400.0 12.8 0.021702841173012345
400.0 13.0 0.017594378254082808
400.0 13.200000000000001 0.014197130800797852
400.0 13.4 0.011402356035309903
400.0 13.600000000000001 0.009114944559105283
400.0 13.8 0.007252320511600057
400.0 14.0 0.005743301507451857
400.0 14.200000000000001 0.004526954195629471
400.0 14.4 0.0035514742805468485
400.0 14.600000000000001 0.00277311330722388
400.0 14.8 0.002155168583218169
400.0 15.0 0.0016670473809403657
400.0 15.200000000000001 0.0012834120789495232
400.0 15.4 0.00098340916475309
400.0 15.600000000000001 0.0007499820081614767
400.0 15.8 0.0005692649736857209
400.0 16.0 0.0004300547070770434
400.0 16.2 0.0003233532295497528
400.0 16.400000000000002 0.00024197672405030444
400.0 16.6 0.00018022352200577408
400.0 16.8 0.00013359472089954252
400.0 17.0 9.856101352541284e-05
400.0 17.2 7.236962731141287e-05
400.0 17.400000000000002 5.288570364013625e-05
400.0 17.6 3.846294829564856e-05
400.0 17.8 2.7838919156294845e-05
400.0 18.0 2.0050857988521728e-05
400.0 18.2 1.4368498653935759e-05
400.0 18.400000000000002 1.0240779258504878e-05
400.0 18.6 7.253840855263961e-06
400.0 18.8 5.09810445550282e-06
400.0 19.0 3.5425786743222335e-06
400.0 19.200000000000003 2.4148620415943607e-06
400.0 19.400000000000002 1.585568170731813e-06
400.0 19.6 9.561209159823539e-07
400.0 19.8 4.490431750065409e-07


