0.01 11258
0.02 11251
0.03 11245
0.04 11238
0.05 11231
0.06 11224
0.07 11218
0.08 11211
0.09 11204
0.1 11197
0.11 11191
0.12 11184
0.13 11177
0.14 11170
0.15 11164
0.16 11157
0.17 11150
0.18 11144
0.19 11137
0.2 11130
0.21 11123
0.22 11117
0.23 11110
0.24 11103
0.25 11097
0.26 11090
0.27 11083
0.28 11076
0.29 11070
0.3 11063
0.31 11056
0.32 11050
0.33 11043
0.34 11036
0.35000000000000003 11030
0.36 11023
0.37 11016
0.38 11010
0.39 11003
0.4 10996
0.41000000000000003 10990
0.42 10983
0.43 10976
0.44 10970
0.45 10963
0.46 10956
0.47000000000000003 10950
0.48 10943
0.49 10937
0.5 10930
0.51 10923
0.52 10917
0.53 10910
0.54 10903
0.55 10897
0.56 10890
0.5700000000000001 10884
0.58 10877
0.59 10870
0.6 10864
0.61 10857
0.62 10850
0.63 10844
0.64 10837
0.65 10831
0.66 10824
0.67 10818
0.68 10811
0.6900000000000001 10804
0.7000000000000001 10798
0.71 10791
0.72 10785
0.73 10778
0.74 10771
0.75 10765
0.76 10758
0.77 10752
0.78 10745
0.79 10739
0.8 10732
0.81 10726
0.8200000000000001 10719
0.8300000000000001 10713
0.84 10706
0.85 10699
0.86 10693
0.87 10686
0.88 10680
0.89 10673
0.9 10667
0.91 10660
0.92 10654
0.93 10647
0.9400000000000001 10641
0.9500000000000001 10634
0.96 10628
0.97 10621
0.98 10615
0.99 10608
1.0 10602
1.01 10595
1.02 10589
1.03 10582
1.04 10576
1.05 10569
1.06 10563
1.07 10556
1.08 10550
1.09 10543
1.1 10537
1.11 10530
1.12 10524
1.1300000000000001 10518
1.1400000000000001 10511
1.1500000000000001 10505
1.16 10498
1.17 10492
1.18 10485
1.19 10479
1.2 10472
1.21 10466
1.22 10460
1.23 10453
1.24 10447
1.25 10440
1.26 10434
1.27 10427
1.28 10421
1.29 10415
1.3 10408
1.31 10402
1.32 10395
1.33 10389
1.34 10383
1.35 10376
1.36 10370
1.37 10363
1.3800000000000001 10357
1.3900000000000001 10351
1.4000000000000001 10344
1.41 10338
1.42 10332
1.43 10325
1.44 10319
1.45 10312
1.46 10306
1.47 10300
1.48 10293
1.49 10287
1.5 10281
1.51 10274
1.52 10268
1.53 10262
1.54 10255
1.55 10249
1.56 10243
1.57 10236
1.58 10230
1.59 10224
1.6 10217
1.61 10211
1.62 10205
1.6300000000000001 10198
1.6400000000000001 10192
1.6500000000000001 10186
1.6600000000000001 10179
1.67 10173
1.68 10167
1.69 10161
1.7 10154
1.71 10148
1.72 10142
1.73 10135
1.74 10129
1.75 10123
1.76 10117
1.77 10110
1.78 10104
1.79 10098
1.8 10091
1.81 10085
1.82 10079
1.83 10073
1.84 10066
1.85 10060
1.86 10054
1.87 10048
1.8800000000000001 10041
1.8900000000000001 10035
1.9000000000000001 10029
1.9100000000000001 10023
1.92 10016
1.93 10010
1.94 10004
1.95 9998
1.96 9992
1.97 9985
1.98 9979
1.99 9973
2.0 9967
2.0100000000000002 9961
2.02 9954
2.0300000000000002 9948
2.04 9942
2.05 9936
2.06 9930
2.07 9923
2.08 9917
2.09 9911
2.1 9905
2.11 9899
2.12 9892
2.13 9886
2.14 9880
2.15 9874
2.16 9868
2.17 9862
2.18 9855
2.19 9849
2.2 9843
2.21 9837
2.22 9831
2.23 9825
2.24 9819
2.25 9812
2.2600000000000002 9806
2.27 9800
2.2800000000000002 9794
2.29 9788
2.3000000000000003 9782
2.31 9776
2.32 9770
2.33 9763
2.34 9757
2.35 9751
2.36 9745
2.37 9739
2.38 9733
2.39 9727
2.4 9721
2.41 9715
2.42 9709
2.43 9702
2.44 9696
2.45 9690
2.46 9684
2.47 9678
2.48 9672
2.49 9666
2.5 9660
2.5100000000000002 9654
2.52 9648
2.5300000000000002 9642
2.54 9636
2.5500000000000003 9630
2.56 9624
2.57 9618
2.58 9611
2.59 9605
2.6 9599
2.61 9593
2.62 9587
2.63 9581
2.64 9575
2.65 9569
2.66 9563
2.67 9557
2.68 9551
2.69 9545
2.7 9539
2.71 9533
2.72 9527
2.73 9521
2.74 9515
2.75 9509
2.7600000000000002 9503
2.77 9497
2.7800000000000002 9491
2.79 9485
2.8000000000000003 9479
2.81 9473
2.82 9467
2.83 9461
2.84 9455
2.85 9449
2.86 9443
2.87 9437
2.88 9432
2.89 9426
2.9 9420
2.91 9414
2.92 9408
2.93 9402
2.94 9396
2.95 9390
2.96 9384
2.97 9378
2.98 9372
2.99 9366
3.0 9360
3.0100000000000002 9354
3.02 9348
3.0300000000000002 9343
3.04 9337
3.0500000000000003 9331
3.06 9325
3.0700000000000003 9319
3.08 9313
3.09 9307
3.1 9301
3.11 9295
3.12 9289
3.13 9284
3.14 9278
3.15 9272
3.16 9266
3.17 9260
3.18 9254
3.19 9248
3.2 9242
3.21 9237
3.22 9231
3.23 9225
3.24 9219
3.25 9213
3.2600000000000002 9207
3.27 9201
3.2800000000000002 9196
3.29 9190
3.3000000000000003 9184
3.31 9178
3.3200000000000003 9172
3.33 9166
3.34 9161
3.35 9155
3.36 9149
3.37 9143
3.38 9137
3.39 9132
3.4 9126
3.41 9120
3.42 9114
3.43 9108
3.44 9102
3.45 9097
3.46 9091
3.47 9085
3.48 9079
3.49 9074
3.5 9068
3.5100000000000002 9062
3.52 9056
3.5300000000000002 9050
3.54 9045
3.5500000000000003 9039
3.56 9033
3.5700000000000003 9027
3.58 9022
3.59 9016
3.6 9010
3.61 9004
3.62 8999
3.63 8993
3.64 8987
3.65 8981
3.66 8976
3.67 8970
3.68 8964
3.69 8959
3.7 8953
3.71 8947
3.72 8941
3.73 8936
3.74 8930
3.75 8924
3.7600000000000002 8919
3.77 8913
3.7800000000000002 8907
3.79 8901
3.8000000000000003 8896
3.81 8890
3.8200000000000003 8884
3.83 8879
3.84 8873
3.85 8867
3.86 8862
3.87 8856
3.88 8850
3.89 8845
3.9 8839
3.91 8833
3.92 8828
3.93 8822
3.94 8816
3.95 8811
3.96 8805
3.97 8799
3.98 8794
3.99 8788
4.0 8782
4.01 8777
4.0200000000000005 8771
4.03 8766
4.04 8760
4.05 8754
4.0600000000000005 8749
4.07 8743
4.08 8737
4.09 8732
4.1 8726
4.11 8721
4.12 8715
4.13 8709
4.14 8704
4.15 8698
4.16 8693
4.17 8687
4.18 8681
4.19 8676
4.2 8670
4.21 8665
4.22 8659
4.23 8654
4.24 8648
4.25 8642
4.26 8637
4.2700000000000005 8631
4.28 8626
4.29 8620
4.3 8615
4.3100000000000005 8609
4.32 8604
4.33 8598
4.34 8592
4.3500000000000005 8587
4.36 8581
4.37 8576
4.38 8570
4.39 8565
4.4 8559
4.41 8554
4.42 8548
4.43 8543
4.44 8537
4.45 8532
4.46 8526
4.47 8521
4.48 8515
4.49 8510
4.5 8504
4.51 8499
4.5200000000000005 8493
4.53 8488
4.54 8482
4.55 8477
4.5600000000000005 8471
4.57 8466
4.58 8460
4.59 8455
4.6000000000000005 8449
4.61 8444
4.62 8438
4.63 8433
4.64 8428
4.65 8422
4.66 8417
4.67 8411
4.68 8406
4.69 8400
4.7 8395
4.71 8389
4.72 8384
4.73 8379
4.74 8373
4.75 8368
4.76 8362
4.7700000000000005 8357
4.78 8351
4.79 8346
4.8 8341
4.8100000000000005 8335
4.82 8330
4.83 8324
4.84 8319
4.8500000000000005 8314
4.86 8308
4.87 8303
4.88 8297
4.89 8292
4.9 8287
4.91 8281
4.92 8276
4.93 8271
4.94 8265
4.95 8260
4.96 8254
4.97 8249
4.98 8244
4.99 8238
5.0 8233
5.01 8228
5.0200000000000005 8222
5.03 8217
5.04 8212
5.05 8206
5.0600000000000005 8201
5.07 8196
5.08 8190
5.09 8185
5.1000000000000005 8180
5.11 8174
5.12 8169
5.13 8164
5.14 8158
5.15 8153
5.16 8148
5.17 8142
5.18 8137
5.19 8132
5.2 8127
5.21 8121
5.22 8116
5.23 8111
5.24 8105
5.25 8100
5.26 8095
5.2700000000000005 8090
5.28 8084
5.29 8079
5.3 8074
5.3100000000000005 8068
5.32 8063
5.33 8058
5.34 8053
5.3500000000000005 8047
5.36 8042
5.37 8037
5.38 8032
5.39 8026
5.4 8021
5.41 8016
5.42 8011
5.43 8005
5.44 8000
5.45 7995
5.46 7990
5.47 7985
5.48 7979
5.49 7974
5.5 7969
5.51 7964
5.5200000000000005 7958
5.53 7953
5.54 7948
5.55 7943
5.5600000000000005 7938
5.57 7932
5.58 7927
5.59 7922
5.6000000000000005 7917
5.61 7912
5.62 7907
5.63 7901
5.64 7896
5.65 7891
5.66 7886
5.67 7881
5.68 7876
5.69 7870
5.7 7865
5.71 7860
5.72 7855
5.73 7850
5.74 7845
5.75 7839
5.76 7834
5.7700000000000005 7829
5.78 7824
5.79 7819
5.8 7814
5.8100000000000005 7809
5.82 7804
5.83 7798
5.84 7793
5.8500000000000005 7788
5.86 7783
5.87 7778
5.88 7773
5.89 7768
5.9 7763
5.91 7758
5.92 7752
5.93 7747
5.94 7742
5.95 7737
5.96 7732
5.97 7727
5.98 7722
5.99 7717
6.0 7712
6.01 7707
6.0200000000000005 7702
6.03 7697
6.04 7691
6.05 7686
6.0600000000000005 7681
6.07 7676
6.08 7671
6.09 7666
6.1000000000000005 7661
6.11 7656
6.12 7651
6.13 7646
6.140000000000001 7641
6.15 7636
6.16 7631
6.17 7626
6.18 7621
6.19 7616
6.2 7611
6.21 7606
6.22 7601
6.23 7596
6.24 7591
6.25 7586
6.26 7581
6.2700000000000005 7576
6.28 7571
6.29 7566
6.3 7561
6.3100000000000005 7556
6.32 7551
6.33 7546
6.34 7541
6.3500000000000005 7536
6.36 7531
6.37 7526
6.38 7521
6.390000000000001 7516
6.4 7511
6.41 7506
6.42 7501
6.43 7496
6.44 7491
6.45 7486
6.46 7481
6.47 7476
6.48 7471
6.49 7466
6.5 7461
6.51 7456
6.5200000000000005 7452
6.53 7447
6.54 7442
6.55 7437
6.5600000000000005 7432
6.57 7427
6.58 7422
6.59 7417
6.6000000000000005 7412
6.61 7407
6.62 7402
6.63 7397
6.640000000000001 7393
6.65 7388
6.66 7383
6.67 7378
6.68 7373
6.69 7368
6.7 7363
6.71 7358
6.72 7353
6.73 7349
6.74 7344
6.75 7339
6.76 7334
6.7700000000000005 7329
6.78 7324
6.79 7319
6.8 7315
6.8100000000000005 7310
6.82 7305
6.83 7300
6.84 7295
6.8500000000000005 7290
6.86 7285
6.87 7281
6.88 7276
6.890000000000001 7271
6.9 7266
6.91 7261
6.92 7256
6.93 7252
6.94 7247
6.95 7242
6.96 7237
6.97 7232
6.98 7228
6.99 7223
7.0 7218
7.01 7213
7.0200000000000005 7208
7.03 7204
7.04 7199
7.05 7194
7.0600000000000005 7189
7.07 7184
7.08 7180
7.09 7175
7.1000000000000005 7170
7.11 7165
7.12 7160
7.13 7156
7.140000000000001 7151
7.15 7146
7.16 7141
7.17 7137
7.18 7132
7.19 7127
7.2 7122
7.21 7118
7.22 7113
7.23 7108
7.24 7103
7.25 7099
7.26 7094
7.2700000000000005 7089
7.28 7084
7.29 7080
7.3 7075
7.3100000000000005 7070
7.32 7066
7.33 7061
7.34 7056
7.3500000000000005 7051
7.36 7047
7.37 7042
7.38 7037
7.390000000000001 7033
7.4 7028
7.41 7023
7.42 7019
7.43 7014
7.44 7009
7.45 7005
7.46 7000
7.47 6995
7.48 6990
7.49 6986
7.5 6981
7.51 6976
7.5200000000000005 6972
7.53 6967
7.54 6962
7.55 6958
7.5600000000000005 6953
7.57 6949
7.58 6944
7.59 6939
7.6000000000000005 6935
7.61 6930
7.62 6925
7.63 6921
7.640000000000001 6916
7.65 6911
7.66 6907
7.67 6902
7.68 6898
7.69 6893
7.7 6888
7.71 6884
7.72 6879
7.73 6874
7.74 6870
7.75 6865
7.76 6861
7.7700000000000005 6856
7.78 6851
7.79 6847
7.8 6842
7.8100000000000005 6838
7.82 6833
7.83 6828
7.84 6824
7.8500000000000005 6819
7.86 6815
7.87 6810
7.88 6806
7.890000000000001 6801
7.9 6796
7.91 6792
7.92 6787
7.930000000000001 6783
7.94 6778
7.95 6774
7.96 6769
7.97 6765
7.98 6760
7.99 6755
8.0 6751
8.01 6746
8.02 6742
8.03 6737
8.040000000000001 6733
8.05 6728
8.06 6724
8.07 6719
8.08 6715
8.09 6710
8.1 6706
8.11 6701
8.120000000000001 6697
8.13 6692
8.14 6688
8.15 6683
8.16 6679
8.17 6674
8.18 6670
8.19 6665
8.2 6661
8.21 6656
8.22 6652
8.23 6647
8.24 6643
8.25 6638
8.26 6634
8.27 6629
8.28 6625
8.290000000000001 6620
8.3 6616
8.31 6612
8.32 6607
8.33 6603
8.34 6598
8.35 6594
8.36 6589
8.370000000000001 6585
8.38 6580
8.39 6576
8.4 6572
8.41 6567
8.42 6563
8.43 6558
8.44 6554
8.45 6549
8.46 6545
8.47 6541
8.48 6536
8.49 6532
8.5 6527
8.51 6523
8.52 6518
8.53 6514
8.540000000000001 6510
8.55 6505
8.56 6501
8.57 6497
8.58 6492
8.59 6488
8.6 6483
8.61 6479
8.620000000000001 6475
8.63 6470
8.64 6466
8.65 6461
8.66 6457
8.67 6453
8.68 6448
8.69 6444
8.700000000000001 6440
8.71 6435
8.72 6431
8.73 6427
8.74 6422
8.75 6418
8.76 6414
8.77 6409
8.78 6405
8.790000000000001 6401
8.8 6396
8.81 6392
8.82 6388
8.83 6383
8.84 6379
8.85 6375
8.86 6370
8.870000000000001 6366
8.88 6362
8.89 6357
8.9 6353
8.91 6349
8.92 6344
8.93 6340
8.94 6336
8.950000000000001 6331
8.96 6327
8.97 6323
8.98 6319
8.99 6314
9.0 6310
9.01 6306
9.02 6301
9.03 6297
9.040000000000001 6293
9.05 6289
9.06 6284
9.07 6280
9.08 6276
9.09 6272
9.1 6267
9.11 6263
9.120000000000001 6259
9.13 6255
9.14 6250
9.15 6246
9.16 6242
9.17 6238
9.18 6233
9.19 6229
9.200000000000001 6225
9.21 6221
9.22 6216
9.23 6212
9.24 6208
9.25 6204
9.26 6200
9.27 6195
9.28 6191
9.290000000000001 6187
9.3 6183
9.31 6179
9.32 6174
9.33 6170
9.34 6166
9.35 6162
9.36 6158
9.370000000000001 6153
9.38 6149
9.39 6145
9.4 6141
9.41 6137
9.42 6132
9.43 6128
9.44 6124
9.450000000000001 6120
9.46 6116
9.47 6112
9.48 6107
9.49 6103
9.5 6099
9.51 6095
9.52 6091
9.53 6087
9.540000000000001 6083
9.55 6078
9.56 6074
9.57 6070
9.58 6066
9.59 6062
9.6 6058
9.61 6054
9.620000000000001 6049
9.63 6045
9.64 6041
9.65 6037
9.66 6033
9.67 6029
9.68 6025
9.69 6021
9.700000000000001 6016
9.71 6012
9.72 6008
9.73 6004
9.74 6000
9.75 5996
9.76 5992
9.77 5988
9.78 5984
9.790000000000001 5980
9.8 5976
9.81 5971
9.82 5967
9.83 5963
9.84 5959
9.85 5955
9.86 5951
9.870000000000001 5947
9.88 5943
9.89 5939
9.9 5935
9.91 5931
9.92 5927
9.93 5923
9.94 5919
9.950000000000001 5915
9.96 5911
9.97 5906
9.98 5902
9.99 5898
10.0 5894
10.01 5890
10.02 5886
10.03 5882
10.040000000000001 5878
10.05 5874
10.06 5870
10.07 5866
10.08 5862
10.09 5858
10.1 5854
10.11 5850
10.120000000000001 5846
10.13 5842
10.14 5838
10.15 5834
10.16 5830
10.17 5826
10.18 5822
10.19 5818
10.200000000000001 5814
10.21 5810
10.22 5806
10.23 5802
10.24 5798
10.25 5794
10.26 5790
10.27 5786
10.28 5782
10.290000000000001 5778
10.3 5774
10.31 5770
10.32 5766
10.33 5763
10.34 5759
10.35 5755
10.36 5751
10.370000000000001 5747
10.38 5743
10.39 5739
10.4 5735
10.41 5731
10.42 5727
10.43 5723
10.44 5719
10.450000000000001 5715
10.46 5711
10.47 5707
10.48 5703
10.49 5700
10.5 5696
10.51 5692
10.52 5688
10.53 5684
10.540000000000001 5680
10.55 5676
10.56 5672
10.57 5668
10.58 5664
10.59 5661
10.6 5657
10.61 5653
10.620000000000001 5649
10.63 5645
10.64 5641
10.65 5637
10.66 5633
10.67 5629
10.68 5626
10.69 5622
10.700000000000001 5618
10.71 5614
10.72 5610
10.73 5606
10.74 5602
10.75 5599
10.76 5595
10.77 5591
10.78 5587
10.790000000000001 5583
10.8 5579
10.81 5575
10.82 5572
10.83 5568
10.84 5564
10.85 5560
10.86 5556
10.870000000000001 5552
10.88 5549
10.89 5545
10.9 5541
10.91 5537
10.92 5533
10.93 5530
10.94 5526
10.950000000000001 5522
10.96 5518
10.97 5514
10.98 5510
10.99 5507
11.0 5503
11.01 5499
11.02 5495
11.03 5492
11.040000000000001 5488
11.05 5484
11.06 5480
11.07 5476
11.08 5473
11.09 5469
11.1 5465
11.11 5461
11.120000000000001 5457
11.13 5454
11.14 5450
11.15 5446
11.16 5442
11.17 5439
11.18 5435
11.19 5431
11.200000000000001 5427
11.21 5424
11.22 5420
11.23 5416
11.24 5412
11.25 5409
11.26 5405
11.27 5401
11.28 5397
11.290000000000001 5394
11.3 5390
11.31 5386
11.32 5383
11.33 5379
11.34 5375
11.35 5371
11.36 5368
11.370000000000001 5364
11.38 5360
11.39 5357
11.4 5353
11.41 5349
11.42 5345
11.43 5342
11.44 5338
11.450000000000001 5334
11.46 5331
11.47 5327
11.48 5323
11.49 5320
11.5 5316
11.51 5312
11.52 5309
11.53 5305
11.540000000000001 5301
11.55 5298
11.56 5294
11.57 5290
11.58 5287
11.59 5283
11.6 5279
11.61 5276
11.620000000000001 5272
11.63 5268
11.64 5265
11.65 5261
11.66 5257
11.67 5254
11.68 5250
11.69 5246
11.700000000000001 5243
11.71 5239
11.72 5236
11.73 5232
11.74 5228
11.75 5225
11.76 5221
11.77 5217
11.78 5214
11.790000000000001 5210
11.8 5207
11.81 5203
11.82 5199
11.83 5196
11.84 5192
11.85 5188
11.86 5185
11.870000000000001 5181
11.88 5178
11.89 5174
11.9 5171
11.91 5167
11.92 5163
11.93 5160
11.94 5156
11.950000000000001 5153
11.96 5149
11.97 5145
11.98 5142
11.99 5138
12.0 5135
12.01 5131
12.02 5128
12.030000000000001 5124
12.040000000000001 5120
12.05 5117
12.06 5113
12.07 5110
12.08 5106
12.09 5103
12.1 5099
12.11 5096
12.120000000000001 5092
12.13 5089
12.14 5085
12.15 5081
12.16 5078
12.17 5074
12.18 5071
12.19 5067
12.200000000000001 5064
12.21 5060
12.22 5057
12.23 5053
12.24 5050
12.25 5046
12.26 5043
12.27 5039
12.280000000000001 5036
12.290000000000001 5032
12.3 5029
12.31 5025
12.32 5022
12.33 5018
12.34 5015
12.35 5011
12.36 5008
12.370000000000001 5004
12.38 5001
12.39 4997
12.4 4994
12.41 4990
12.42 4987
12.43 4983
12.44 4980
12.450000000000001 4976
12.46 4973
12.47 4969
12.48 4966
12.49 4963
12.5 4959
12.51 4956
12.52 4952
12.530000000000001 4949
12.540000000000001 4945
12.55 4942
12.56 4938
12.57 4935
12.58 4931
12.59 4928
12.6 4925
12.61 4921
12.620000000000001 4918
12.63 4914
12.64 4911
12.65 4907
12.66 4904
12.67 4901
12.68 4897
12.69 4894
12.700000000000001 4890
12.71 4887
12.72 4883
12.73 4880
12.74 4877
12.75 4873
12.76 4870
12.77 4866
12.780000000000001 4863
12.790000000000001 4860
12.8 4856
12.81 4853
12.82 4849
12.83 4846
12.84 4843
12.85 4839
12.86 4836
12.870000000000001 4833
12.88 4829
12.89 4826
12.9 4822
12.91 4819
12.92 4816
12.93 4812
12.94 4809
12.950000000000001 4806
12.96 4802
12.97 4799
12.98 4796
12.99 4792
13.0 4789
13.01 4785
13.02 4782
13.030000000000001 4779
13.040000000000001 4775
13.05 4772
13.06 4769
13.07 4765
13.08 4762
13.09 4759
13.1 4755
13.11 4752
13.120000000000001 4749
13.13 4745
13.14 4742
13.15 4739
13.16 4735
13.17 4732
13.18 4729
13.19 4726
13.200000000000001 4722
13.21 4719
13.22 4716
13.23 4712
13.24 4709
13.25 4706
13.26 4702
13.27 4699
13.280000000000001 4696
13.290000000000001 4693
13.3 4689
13.31 4686
13.32 4683
13.33 4679
13.34 4676
13.35 4673
13.36 4670
13.370000000000001 4666
13.38 4663
13.39 4660
13.4 4656
13.41 4653
13.42 4650
13.43 4647
13.44 4643
13.450000000000001 4640
13.46 4637
13.47 4634
13.48 4630
13.49 4627
13.5 4624
13.51 4621
13.52 4617
13.530000000000001 4614
13.540000000000001 4611
13.55 4608
13.56 4604
13.57 4601
13.58 4598
13.59 4595
13.6 4592
13.61 4588
13.620000000000001 4585
13.63 4582
13.64 4579
13.65 4575
13.66 4572
13.67 4569
13.68 4566
13.69 4563
13.700000000000001 4559
13.71 4556
13.72 4553
13.73 4550
13.74 4547
13.75 4543
13.76 4540
13.77 4537
13.780000000000001 4534
13.790000000000001 4531
13.8 4527
13.81 4524
13.82 4521
13.83 4518
13.84 4515
13.85 4512
13.86 4508
13.870000000000001 4505
13.88 4502
13.89 4499
13.9 4496
13.91 4493
13.92 4489
13.93 4486
13.94 4483
13.950000000000001 4480
13.96 4477
13.97 4474
13.98 4470
13.99 4467
14.0 4464
14.01 4461
14.02 4458
14.030000000000001 4455
14.040000000000001 4452
14.05 4449
14.06 4445
14.07 4442
14.08 4439
14.09 4436
14.1 4433
14.11 4430
14.120000000000001 4427
14.13 4424
14.14 4420
14.15 4417
14.16 4414
14.17 4411
14.18 4408
14.19 4405
14.200000000000001 4402
14.21 4399
14.22 4396
14.23 4392
14.24 4389
14.25 4386
14.26 4383
14.27 4380
14.280000000000001 4377
14.290000000000001 4374
14.3 4371
14.31 4368
14.32 4365
14.33 4362
14.34 4358
14.35 4355
14.36 4352
14.370000000000001 4349
14.38 4346
14.39 4343
14.4 4340
14.41 4337
14.42 4334
14.43 4331
14.44 4328
14.450000000000001 4325
14.46 4322
14.47 4319
14.48 4316
14.49 4313
14.5 4310
14.51 4306
14.52 4303
14.530000000000001 4300
14.540000000000001 4297
14.55 4294
14.56 4291
14.57 4288
14.58 4285
14.59 4282
14.6 4279
14.61 4276
14.620000000000001 4273
14.63 4270
14.64 4267
14.65 4264
14.66 4261
14.67 4258
14.68 4255
14.69 4252
14.700000000000001 4249
14.71 4246
14.72 4243
14.73 4240
14.74 4237
14.75 4234
14.76 4231
14.77 4228
14.780000000000001 4225
14.790000000000001 4222
14.8 4219
14.81 4216
14.82 4213
14.83 4210
14.84 4207
14.85 4204
14.86 4201
14.870000000000001 4198
14.88 4195
14.89 4192
14.9 4189
14.91 4186
14.92 4183
14.93 4180
14.94 4178
14.950000000000001 4175
14.96 4172
14.97 4169
14.98 4166
14.99 4163
15.0 4160
15.01 4157
15.02 4154
15.030000000000001 4151
15.040000000000001 4148
15.05 4145
15.06 4142
15.07 4139
15.08 4136
15.09 4133
15.1 4130
15.11 4128
15.120000000000001 4125
15.13 4122
15.14 4119
15.15 4116
15.16 4113
15.17 4110
15.18 4107
15.19 4104
15.200000000000001 4101
15.21 4098
15.22 4095
15.23 4093
15.24 4090
15.25 4087
15.26 4084
15.27 4081
15.280000000000001 4078
15.290000000000001 4075
15.3 4072
15.31 4069
15.32 4067
15.33 4064
15.34 4061
15.35 4058
15.36 4055
15.370000000000001 4052
15.38 4049
15.39 4046
15.4 4044
15.41 4041
15.42 4038
15.43 4035
15.44 4032
15.450000000000001 4029
15.46 4026
15.47 4023
15.48 4021
15.49 4018
15.5 4015
15.51 4012
15.52 4009
15.530000000000001 4006
15.540000000000001 4004
15.55 4001
15.56 3998
15.57 3995
15.58 3992
15.59 3989
15.6 3986
15.610000000000001 3984
15.620000000000001 3981
15.63 3978
15.64 3975
15.65 3972
15.66 3970
15.67 3967
15.68 3964
15.69 3961
15.700000000000001 3958
15.71 3955
15.72 3953
15.73 3950
15.74 3947
15.75 3944
15.76 3941
15.77 3939
15.780000000000001 3936
15.790000000000001 3933
15.8 3930
15.81 3927
15.82 3925
15.83 3922
15.84 3919
15.85 3916
15.860000000000001 3913
15.870000000000001 3911
15.88 3908
15.89 3905
15.9 3902
15.91 3900
15.92 3897
15.93 3894
15.94 3891
15.950000000000001 3888
15.96 3886
15.97 3883
15.98 3880
15.99 3877
16.0 3875
16.01 3872
16.02 3869
16.03 3866
16.04 3864
16.05 3861
16.06 3858
16.07 3855
16.080000000000002 3853
16.09 3850
16.1 3847
16.11 3844
16.12 3842
16.13 3839
16.14 3836
16.15 3833
16.16 3831
16.17 3828
16.18 3825
16.19 3823
16.2 3820
16.21 3817
16.22 3814
16.23 3812
16.240000000000002 3809
16.25 3806
16.26 3804
16.27 3801
16.28 3798
16.29 3795
16.3 3793
16.31 3790
16.32 3787
16.330000000000002 3785
16.34 3782
16.35 3779
16.36 3777
16.37 3774
16.38 3771
16.39 3768
16.4 3766
16.41 3763
16.42 3760
16.43 3758
16.44 3755
16.45 3752
16.46 3750
16.47 3747
16.48 3744
16.490000000000002 3742
16.5 3739
16.51 3736
16.52 3734
16.53 3731
16.54 3728
16.55 3726
16.56 3723
16.57 3720
16.580000000000002 3718
16.59 3715
16.6 3712
16.61 3710
16.62 3707
16.63 3704
16.64 3702
16.65 3699
16.66 3697
16.67 3694
16.68 3691
16.69 3689
16.7 3686
16.71 3683
16.72 3681
16.73 3678
16.740000000000002 3675
16.75 3673
16.76 3670
16.77 3668
16.78 3665
16.79 3662
16.8 3660
16.81 3657
16.82 3654
16.830000000000002 3652
16.84 3649
16.85 3647
16.86 3644
16.87 3641
16.88 3639
16.89 3636
16.9 3634
16.91 3631
16.92 3628
16.93 3626
16.94 3623
16.95 3621
16.96 3618
16.97 3615
16.98 3613
16.990000000000002 3610
17.0 3608
17.01 3605
17.02 3603
17.03 3600
17.04 3597
17.05 3595
17.06 3592
17.07 3590
17.080000000000002 3587
17.09 3585
17.1 3582
17.11 3579
17.12 3577
17.13 3574
17.14 3572
17.150000000000002 3569
17.16 3567
17.17 3564
17.18 3562
17.19 3559
17.2 3556
17.21 3554
17.22 3551
17.23 3549
17.240000000000002 3546
17.25 3544
17.26 3541
17.27 3539
17.28 3536
17.29 3534
17.3 3531
17.31 3529
17.32 3526
17.330000000000002 3523
17.34 3521
17.35 3518
17.36 3516
17.37 3513
17.38 3511
17.39 3508
17.400000000000002 3506
17.41 3503
17.42 3501
17.43 3498
17.44 3496
17.45 3493
17.46 3491
17.47 3488
17.48 3486
17.490000000000002 3483
17.5 3481
17.51 3478
17.52 3476
17.53 3473
17.54 3471
17.55 3468
17.56 3466
17.57 3463
17.580000000000002 3461
17.59 3458
17.6 3456
17.61 3453
17.62 3451
17.63 3448
17.64 3446
17.650000000000002 3444
17.66 3441
17.67 3439
17.68 3436
17.69 3434
17.7 3431
17.71 3429
17.72 3426
17.73 3424
17.740000000000002 3421
17.75 3419
17.76 3416
17.77 3414
17.78 3412
17.79 3409
17.8 3407
17.81 3404
17.82 3402
17.830000000000002 3399
17.84 3397
17.85 3394
17.86 3392
17.87 3390
17.88 3387
17.89 3385
17.900000000000002 3382
17.91 3380
17.92 3377
17.93 3375
17.94 3373
17.95 3370
17.96 3368
17.97 3365
17.98 3363
17.990000000000002 3360
18.0 3358
18.01 3356
18.02 3353
18.03 3351
18.04 3348
18.05 3346
18.06 3344
18.07 3341
18.080000000000002 3339
18.09 3336
18.1 3334
18.11 3332
18.12 3329
18.13 3327
18.14 3324
18.150000000000002 3322
18.16 3320
18.17 3317
18.18 3315
18.19 3312
18.2 3310
18.21 3308
18.22 3305
18.23 3303
18.240000000000002 3301
18.25 3298
18.26 3296
18.27 3293
18.28 3291
18.29 3289
18.3 3286
18.31 3284
18.32 3282
18.330000000000002 3279
18.34 3277
18.35 3275
18.36 3272
18.37 3270
18.38 3268
18.39 3265
18.400000000000002 3263
18.41 3260
18.42 3258
18.43 3256
18.44 3253
18.45 3251
18.46 3249
18.47 3246
18.48 3244
18.490000000000002 3242
18.5 3239
18.51 3237
18.52 3235
18.53 3232
18.54 3230
18.55 3228
18.56 3225
18.57 3223
18.580000000000002 3221
18.59 3218
18.6 3216
18.61 3214
18.62 3212
18.63 3209
18.64 3207
18.650000000000002 3205
18.66 3202
18.67 3200
18.68 3198
18.69 3195
18.7 3193
18.71 3191
18.72 3188
18.73 3186
18.740000000000002 3184
18.75 3182
18.76 3179
18.77 3177
18.78 3175
18.79 3172
18.8 3170
18.81 3168
18.82 3166
18.830000000000002 3163
18.84 3161
18.85 3159
18.86 3156
18.87 3154
18.88 3152
18.89 3150
18.900000000000002 3147
18.91 3145
18.92 3143
18.93 3141
18.94 3138
18.95 3136
18.96 3134
18.97 3131
18.98 3129
18.990000000000002 3127
19.0 3125
19.01 3122
19.02 3120
19.03 3118
19.04 3116
19.05 3113
19.06 3111
19.07 3109
19.080000000000002 3107
19.09 3104
19.1 3102
19.11 3100
19.12 3098
19.13 3095
19.14 3093
19.150000000000002 3091
19.16 3089
19.17 3087
19.18 3084
19.19 3082
19.2 3080
19.21 3078
19.22 3075
19.23 3073
19.240000000000002 3071
19.25 3069
19.26 3067
19.27 3064
19.28 3062
19.29 3060
19.3 3058
19.31 3056
19.32 3053
19.330000000000002 3051
19.34 3049
19.35 3047
19.36 3044
19.37 3042
19.38 3040
19.39 3038
19.400000000000002 3036
19.41 3033
19.42 3031
19.43 3029
19.44 3027
19.45 3025
19.46 3023
19.47 3020
19.48 3018
19.490000000000002 3016
19.5 3014
19.51 3012
19.52 3009
19.53 3007
19.54 3005
19.55 3003
19.56 3001
19.57 2999
19.580000000000002 2996
19.59 2994
19.6 2992
19.61 2990
19.62 2988
19.63 2986
19.64 2983
19.650000000000002 2981
19.66 2979
19.67 2977
19.68 2975
19.69 2973
19.7 2971
19.71 2968
19.72 2966
19.73 2964
19.740000000000002 2962
19.75 2960
19.76 2958
19.77 2956
19.78 2953
19.79 2951
19.8 2949
19.81 2947
19.82 2945
19.830000000000002 2943
19.84 2941
19.85 2938
19.86 2936
19.87 2934
19.88 2932
19.89 2930
19.900000000000002 2928
19.91 2926
19.92 2924
19.93 2921
19.94 2919
19.95 2917
19.96 2915
19.97 2913
19.98 2911
19.990000000000002 2909
20.0 2907
20.01 2905
20.02 2902
20.03 2900
20.04 2898
20.05 2896
20.06 2894
20.07 2892
20.080000000000002 2890
20.09 2888
20.1 2886
20.11 2884
20.12 2882
20.13 2879
20.14 2877
20.150000000000002 2875
20.16 2873
20.17 2871
20.18 2869
20.19 2867
20.2 2865
20.21 2863
20.22 2861
20.23 2859
20.240000000000002 2857
20.25 2854
20.26 2852
20.27 2850
20.28 2848
20.29 2846
20.3 2844
20.31 2842
20.32 2840
20.330000000000002 2838
20.34 2836
20.35 2834
20.36 2832
20.37 2830
20.38 2828
20.39 2826
20.400000000000002 2824
20.41 2822
20.42 2819
20.43 2817
20.44 2815
20.45 2813
20.46 2811
20.47 2809
20.48 2807
20.490000000000002 2805
20.5 2803
20.51 2801
20.52 2799
20.53 2797
20.54 2795
20.55 2793
20.56 2791
20.57 2789
20.580000000000002 2787
20.59 2785
20.6 2783
20.61 2781
20.62 2779
20.63 2777
20.64 2775
20.650000000000002 2773
20.66 2771
20.67 2769
20.68 2767
20.69 2765
20.7 2763
20.71 2761
20.72 2759
20.73 2757
20.740000000000002 2755
20.75 2753
20.76 2751
20.77 2749
20.78 2747
20.79 2745
20.8 2743
20.81 2741
20.82 2739
20.830000000000002 2737
20.84 2735
20.85 2733
20.86 2731
20.87 2729
20.88 2727
20.89 2725
20.900000000000002 2723
20.91 2721
20.92 2719
20.93 2717
20.94 2715
20.95 2713
20.96 2711
20.97 2709
20.98 2707
20.990000000000002 2705
21.0 2703
21.01 2701
21.02 2699
21.03 2697
21.04 2695
21.05 2693
21.06 2691
21.07 2689
21.080000000000002 2687
21.09 2686
21.1 2684
21.11 2682
21.12 2680
21.13 2678
21.14 2676
21.150000000000002 2674
21.16 2672
21.17 2670
21.18 2668
21.19 2666
21.2 2664
21.21 2662
21.22 2660
21.23 2658
21.240000000000002 2656
21.25 2654
21.26 2652
21.27 2651
21.28 2649
21.29 2647
21.3 2645
21.31 2643
21.32 2641
21.330000000000002 2639
21.34 2637
21.35 2635
21.36 2633
21.37 2631
21.38 2629
21.39 2628
21.400000000000002 2626
21.41 2624
21.42 2622
21.43 2620
21.44 2618
21.45 2616
21.46 2614
21.47 2612
21.48 2610
21.490000000000002 2608
21.5 2607
21.51 2605
21.52 2603
21.53 2601
21.54 2599
21.55 2597
21.56 2595
21.57 2593
21.580000000000002 2591
21.59 2590
21.6 2588
21.61 2586
21.62 2584
21.63 2582
21.64 2580
21.650000000000002 2578
21.66 2576
21.67 2574
21.68 2573
21.69 2571
21.7 2569
21.71 2567
21.72 2565
21.73 2563
21.740000000000002 2561
21.75 2559
21.76 2558
21.77 2556
21.78 2554
21.79 2552
21.8 2550
21.81 2548
21.82 2546
21.830000000000002 2545
21.84 2543
21.85 2541
21.86 2539
21.87 2537
21.88 2535
21.89 2533
21.900000000000002 2532
21.91 2530
21.92 2528
21.93 2526
21.94 2524
21.95 2522
21.96 2521
21.97 2519
21.98 2517
21.990000000000002 2515
22.0 2513
22.01 2511
22.02 2510
22.03 2508
22.04 2506
22.05 2504
22.06 2502
22.07 2500
22.080000000000002 2499
22.09 2497
22.1 2495
22.11 2493
22.12 2491
22.13 2490
22.14 2488
22.150000000000002 2486
22.16 2484
22.17 2482
22.18 2480
22.19 2479
22.2 2477
22.21 2475
22.22 2473
22.23 2471
22.240000000000002 2470
22.25 2468
22.26 2466
22.27 2464
22.28 2462
22.29 2461
22.3 2459
22.31 2457
22.32 2455
22.330000000000002 2453
22.34 2452
22.35 2450
22.36 2448
22.37 2446
22.38 2444
22.39 2443
22.400000000000002 2441
22.41 2439
22.42 2437
22.43 2436
22.44 2434
22.45 2432
22.46 2430
22.47 2428
22.48 2427
22.490000000000002 2425
22.5 2423
22.51 2421
22.52 2420
22.53 2418
22.54 2416
22.55 2414
22.56 2413
22.57 2411
22.580000000000002 2409
22.59 2407
22.6 2405
22.61 2404
22.62 2402
22.63 2400
22.64 2398
22.650000000000002 2397
22.66 2395
22.67 2393
22.68 2391
22.69 2390
22.7 2388
22.71 2386
22.72 2384
22.73 2383
22.740000000000002 2381
22.75 2379
22.76 2378
22.77 2376
22.78 2374
22.79 2372
22.8 2371
22.81 2369
22.82 2367
22.830000000000002 2365
22.84 2364
22.85 2362
22.86 2360
22.87 2358
22.88 2357
22.89 2355
22.900000000000002 2353
22.91 2352
22.92 2350
22.93 2348
22.94 2346
22.95 2345
22.96 2343
22.97 2341
22.98 2340
22.990000000000002 2338
23.0 2336
23.01 2334
23.02 2333
23.03 2331
23.04 2329
23.05 2328
23.06 2326
23.07 2324
23.080000000000002 2322
23.09 2321
23.1 2319
23.11 2317
23.12 2316
23.13 2314
23.14 2312
23.150000000000002 2311
23.16 2309
23.17 2307
23.18 2306
23.19 2304
23.2 2302
23.21 2300
23.22 2299
23.23 2297
23.240000000000002 2295
23.25 2294
23.26 2292
23.27 2290
23.28 2289
23.29 2287
23.3 2285
23.31 2284
23.32 2282
23.330000000000002 2280
23.34 2279
23.35 2277
23.36 2275
23.37 2274
23.38 2272
23.39 2270
23.400000000000002 2269
23.41 2267
23.42 2265
23.43 2264
23.44 2262
23.45 2260
23.46 2259
23.47 2257
23.48 2255
23.490000000000002 2254
23.5 2252
23.51 2250
23.52 2249
23.53 2247
23.54 2246
23.55 2244
23.56 2242
23.57 2241
23.580000000000002 2239
23.59 2237
23.6 2236
23.61 2234
23.62 2232
23.63 2231
23.64 2229
23.650000000000002 2227
23.66 2226
23.67 2224
23.68 2223
23.69 2221
23.7 2219
23.71 2218
23.72 2216
23.73 2214
23.740000000000002 2213
23.75 2211
23.76 2210
23.77 2208
23.78 2206
23.79 2205
23.8 2203
23.81 2202
23.82 2200
23.830000000000002 2198
23.84 2197
23.85 2195
23.86 2193
23.87 2192
23.88 2190
23.89 2189
23.900000000000002 2187
23.91 2185
23.92 2184
23.93 2182
23.94 2181
23.95 2179
23.96 2177
23.97 2176
23.98 2174
23.990000000000002 2173
24.0 2171
24.01 2169
24.02 2168
24.03 2166
24.04 2165
24.05 2163
24.060000000000002 2161
24.07 2160
24.080000000000002 2158
24.09 2157
24.1 2155
24.11 2154
24.12 2152
24.13 2150
24.14 2149
24.150000000000002 2147
24.16 2146
24.17 2144
24.18 2143
24.19 2141
24.2 2139
24.21 2138
24.22 2136
24.23 2135
24.240000000000002 2133
24.25 2132
24.26 2130
24.27 2128
24.28 2127
24.29 2125
24.3 2124
24.310000000000002 2122
24.32 2121
24.330000000000002 2119
24.34 2117
24.35 2116
24.36 2114
24.37 2113
24.38 2111
24.39 2110
24.400000000000002 2108
24.41 2107
24.42 2105
24.43 2104
24.44 2102
24.45 2100
24.46 2099
24.47 2097
24.48 2096
24.490000000000002 2094
24.5 2093
24.51 2091
24.52 2090
24.53 2088
24.54 2087
24.55 2085
24.560000000000002 2084
24.57 2082
24.580000000000002 2080
24.59 2079
24.6 2077
24.61 2076
24.62 2074
24.63 2073
24.64 2071
24.650000000000002 2070
24.66 2068
24.67 2067
24.68 2065
24.69 2064
24.7 2062
24.71 2061
24.72 2059
24.73 2058
24.740000000000002 2056
24.75 2055
24.76 2053
24.77 2052
24.78 2050
24.79 2049
24.8 2047
24.810000000000002 2046
24.82 2044
24.830000000000002 2043
24.84 2041
24.85 2040
24.86 2038
24.87 2037
24.88 2035
24.89 2034
24.900000000000002 2032
24.91 2031
24.92 2029
24.93 2028
24.94 2026
24.95 2025
24.96 2023
24.97 2022
24.98 2020
24.990000000000002 2019
25.0 2017
25.01 2016
25.02 2014
25.03 2013
25.04 2011
25.05 2010
25.060000000000002 2008
25.07 2007
25.080000000000002 2005
25.09 2004
25.1 2002
25.11 2001
25.12 1999
25.13 1998
25.14 1997
25.150000000000002 1995
25.16 1994
25.17 1992
25.18 1991
25.19 1989
25.2 1988
25.21 1986
25.22 1985
25.23 1983
25.240000000000002 1982
25.25 1980
25.26 1979
25.27 1977
25.28 1976
25.29 1975
25.3 1973
25.310000000000002 1972
25.32 1970
25.330000000000002 1969
25.34 1967
25.35 1966
25.36 1964
25.37 1963
25.38 1962
25.39 1960
25.400000000000002 1959
25.41 1957
25.42 1956
25.43 1954
25.44 1953
25.45 1951
25.46 1950
25.47 1949
25.48 1947
25.490000000000002 1946
25.5 1944
25.51 1943
25.52 1941
25.53 1940
25.54 1939
25.55 1937
25.560000000000002 1936
25.57 1934
25.580000000000002 1933
25.59 1931
25.6 1930
25.61 1929
25.62 1927
25.63 1926
25.64 1924
25.650000000000002 1923
25.66 1921
25.67 1920
25.68 1919
25.69 1917
25.7 1916
25.71 1914
25.72 1913
25.73 1912
25.740000000000002 1910
25.75 1909
25.76 1907
25.77 1906
25.78 1905
25.79 1903
25.8 1902
25.810000000000002 1900
25.82 1899
25.830000000000002 1898
25.84 1896
25.85 1895
25.86 1893
25.87 1892
25.88 1891
25.89 1889
25.900000000000002 1888
25.91 1886
25.92 1885
25.93 1884
25.94 1882
25.95 1881
25.96 1879
25.97 1878
25.98 1877
25.990000000000002 1875
26.0 1874
26.01 1873
26.02 1871
26.03 1870
26.04 1868
26.05 1867
26.060000000000002 1866
26.07 1864
26.080000000000002 1863
26.09 1861
26.1 1860
26.11 1859
26.12 1857
26.13 1856
26.14 1855
26.150000000000002 1853
26.16 1852
26.17 1851
26.18 1849
26.19 1848
26.2 1846
26.21 1845
26.22 1844
26.23 1842
26.240000000000002 1841
26.25 1840
26.26 1838
26.27 1837
26.28 1836
26.29 1834
26.3 1833
26.310000000000002 1832
26.32 1830
26.330000000000002 1829
26.34 1827
26.35 1826
26.36 1825
26.37 1823
26.38 1822
26.39 1821
26.400000000000002 1819
26.41 1818
26.42 1817
26.43 1815
26.44 1814
26.45 1813
26.46 1811
26.47 1810
26.48 1809
26.490000000000002 1807
26.5 1806
26.51 1805
26.52 1803
26.53 1802
26.54 1801
26.55 1799
26.560000000000002 1798
26.57 1797
26.580000000000002 1795
26.59 1794
26.6 1793
26.61 1791
26.62 1790
26.63 1789
26.64 1787
26.650000000000002 1786
26.66 1785
26.67 1783
26.68 1782
26.69 1781
26.7 1780
26.71 1778
26.72 1777
26.73 1776
26.740000000000002 1774
26.75 1773
26.76 1772
26.77 1770
26.78 1769
26.79 1768
26.8 1766
26.810000000000002 1765
26.82 1764
26.830000000000002 1762
26.84 1761
26.85 1760
26.86 1759
26.87 1757
26.88 1756
26.89 1755
26.900000000000002 1753
26.91 1752
26.92 1751
26.93 1750
26.94 1748
26.95 1747
26.96 1746
26.97 1744
26.98 1743
26.990000000000002 1742
27.0 1740
27.01 1739
27.02 1738
27.03 1737
27.04 1735
27.05 1734
27.060000000000002 1733
27.07 1732
27.080000000000002 1730
27.09 1729
27.1 1728
27.11 1726
27.12 1725
27.13 1724
27.14 1723
27.150000000000002 1721
27.16 1720
27.17 1719
27.18 1717
27.19 1716
27.2 1715
27.21 1714
27.22 1712
27.23 1711
27.240000000000002 1710
27.25 1709
27.26 1707
27.27 1706
27.28 1705
27.29 1704
27.3 1702
27.310000000000002 1701
27.32 1700
27.330000000000002 1699
27.34 1697
27.35 1696
27.36 1695
27.37 1693
27.38 1692
27.39 1691
27.400000000000002 1690
27.41 1688
27.42 1687
27.43 1686
27.44 1685
27.45 1684
27.46 1682
27.47 1681
27.48 1680
27.490000000000002 1679
27.5 1677
27.51 1676
27.52 1675
27.53 1674
27.54 1672
27.55 1671
27.560000000000002 1670
27.57 1669
27.580000000000002 1667
27.59 1666
27.6 1665
27.61 1664
27.62 1662
27.63 1661
27.64 1660
27.650000000000002 1659
27.66 1658
27.67 1656
27.68 1655
27.69 1654
27.7 1653
27.71 1651
27.72 1650
27.73 1649
27.740000000000002 1648
27.75 1647
27.76 1645
27.77 1644
27.78 1643
27.79 1642
27.8 1640
27.810000000000002 1639
27.82 1638
27.830000000000002 1637
27.84 1636
27.85 1634
27.86 1633
27.87 1632
27.88 1631
27.89 1630
27.900000000000002 1628
27.91 1627
27.92 1626
27.93 1625
27.94 1624
27.95 1622
27.96 1621
27.97 1620
27.98 1619
27.990000000000002 1618
28.0 1616
28.01 1615
28.02 1614
28.03 1613
28.04 1612
28.05 1610
28.060000000000002 1609
28.07 1608
28.080000000000002 1607
28.09 1606
28.1 1604
28.11 1603
28.12 1602
28.13 1601
28.14 1600
28.150000000000002 1598
28.16 1597
28.17 1596
28.18 1595
28.19 1594
28.2 1593
28.21 1591
28.22 1590
28.23 1589
28.240000000000002 1588
28.25 1587
28.26 1585
28.27 1584
28.28 1583
28.29 1582
28.3 1581
28.310000000000002 1580
28.32 1578
28.330000000000002 1577
28.34 1576
28.35 1575
28.36 1574
28.37 1573
28.38 1571
28.39 1570
28.400000000000002 1569
28.41 1568
28.42 1567
28.43 1566
28.44 1564
28.45 1563
28.46 1562
28.47 1561
28.48 1560
28.490000000000002 1559
28.5 1558
28.51 1556
28.52 1555
28.53 1554
28.54 1553
28.55 1552
28.560000000000002 1551
28.57 1549
28.580000000000002 1548
28.59 1547
28.6 1546
28.61 1545
28.62 1544
28.63 1543
28.64 1541
28.650000000000002 1540
28.66 1539
28.67 1538
28.68 1537
28.69 1536
28.7 1535
28.71 1533
28.72 1532
28.73 1531
28.740000000000002 1530
28.75 1529
28.76 1528
28.77 1527
28.78 1525
28.79 1524
28.8 1523
28.810000000000002 1522
28.82 1521
28.830000000000002 1520
28.84 1519
28.85 1518
28.86 1516
28.87 1515
28.88 1514
28.89 1513
28.900000000000002 1512
28.91 1511
28.92 1510
28.93 1509
28.94 1507
28.95 1506
28.96 1505
28.97 1504
28.98 1503
28.990000000000002 1502
29.0 1501
29.01 1500
29.02 1499
29.03 1497
29.04 1496
29.05 1495
29.060000000000002 1494
29.07 1493
29.080000000000002 1492
29.09 1491
29.1 1490
29.11 1489
29.12 1487
29.13 1486
29.14 1485
29.150000000000002 1484
29.16 1483
29.17 1482
29.18 1481
29.19 1480
29.2 1479
29.21 1478
29.22 1476
29.23 1475
29.240000000000002 1474
29.25 1473
29.26 1472
29.27 1471
29.28 1470
29.29 1469
29.3 1468
29.310000000000002 1467
29.32 1466
29.330000000000002 1464
29.34 1463
29.35 1462
29.36 1461
29.37 1460
29.38 1459
29.39 1458
29.400000000000002 1457
29.41 1456
29.42 1455
29.43 1454
29.44 1453
29.45 1451
29.46 1450
29.47 1449
29.48 1448
29.490000000000002 1447
29.5 1446
29.51 1445
29.52 1444
29.53 1443
29.54 1442
29.55 1441
29.560000000000002 1440
29.57 1439
29.580000000000002 1438
29.59 1436
29.6 1435
29.61 1434
29.62 1433
29.63 1432
29.64 1431
29.650000000000002 1430
29.66 1429
29.67 1428
29.68 1427
29.69 1426
29.7 1425
29.71 1424
29.72 1423
29.73 1422
29.740000000000002 1421
29.75 1419
29.76 1418
29.77 1417
29.78 1416
29.79 1415
29.8 1414
29.810000000000002 1413
29.82 1412
29.830000000000002 1411
29.84 1410
29.85 1409
29.86 1408
29.87 1407
29.88 1406
29.89 1405
29.900000000000002 1404
29.91 1403
29.92 1402
29.93 1401
29.94 1400
29.95 1399
29.96 1397
29.97 1396
29.98 1395
29.990000000000002 1394
30.0 1393
30.01 1392
30.02 1391
30.03 1390
30.04 1389
30.05 1388
30.060000000000002 1387
30.07 1386
30.080000000000002 1385
30.09 1384
30.1 1383
30.11 1382
30.12 1381
30.13 1380
30.14 1379
30.150000000000002 1378
30.16 1377
30.17 1376
30.18 1375
30.19 1374
30.2 1373
30.21 1372
30.22 1371
30.23 1370
30.240000000000002 1369
30.25 1368
30.26 1367
30.27 1366
30.28 1365
30.29 1364
30.3 1363
30.310000000000002 1362
30.32 1361
30.330000000000002 1360
30.34 1359
30.35 1358
30.36 1356
30.37 1355
30.38 1354
30.39 1353
30.400000000000002 1352
30.41 1351
30.42 1350
30.43 1349
30.44 1348
30.45 1347
30.46 1346
30.47 1345
30.48 1344
30.490000000000002 1343
30.5 1342
30.51 1341
30.52 1340
30.53 1339
30.54 1338
30.55 1337
30.560000000000002 1336
30.57 1335
30.580000000000002 1334
30.59 1333
30.6 1332
30.61 1331
30.62 1330
30.63 1330
30.64 1329
30.650000000000002 1328
30.66 1327
30.67 1326
30.68 1325
30.69 1324
30.7 1323
30.71 1322
30.72 1321
30.73 1320
30.740000000000002 1319
30.75 1318
30.76 1317
30.77 1316
30.78 1315
30.79 1314
30.8 1313
30.810000000000002 1312
30.82 1311
30.830000000000002 1310
30.84 1309
30.85 1308
30.86 1307
30.87 1306
30.88 1305
30.89 1304
30.900000000000002 1303
30.91 1302
30.92 1301
30.93 1300
30.94 1299
30.95 1298
30.96 1297
30.970000000000002 1296
30.98 1295
30.990000000000002 1294
31.0 1293
31.01 1292
31.02 1291
31.03 1290
31.04 1290
31.05 1289
31.060000000000002 1288
31.07 1287
31.080000000000002 1286
31.09 1285
31.1 1284
31.11 1283
31.12 1282
31.13 1281
31.14 1280
31.150000000000002 1279
31.16 1278
31.17 1277
31.18 1276
31.19 1275
31.2 1274
31.21 1273
31.220000000000002 1272
31.23 1271
31.240000000000002 1270
31.25 1270
31.26 1269
31.27 1268
31.28 1267
31.29 1266
31.3 1265
31.310000000000002 1264
31.32 1263
31.330000000000002 1262
31.34 1261
31.35 1260
31.36 1259
31.37 1258
31.38 1257
31.39 1256
31.400000000000002 1255
31.41 1254
31.42 1254
31.43 1253
31.44 1252
31.45 1251
31.46 1250
31.470000000000002 1249
31.48 1248
31.490000000000002 1247
31.5 1246
31.51 1245
31.52 1244
31.53 1243
31.54 1242
31.55 1241
31.560000000000002 1241
31.57 1240
31.580000000000002 1239
31.59 1238
31.6 1237
31.61 1236
31.62 1235
31.63 1234
31.64 1233
31.650000000000002 1232
31.66 1231
31.67 1230
31.68 1229
31.69 1229
31.7 1228
31.71 1227
31.720000000000002 1226
31.73 1225
31.740000000000002 1224
31.75 1223
31.76 1222
31.77 1221
31.78 1220
31.79 1219
31.8 1219
31.810000000000002 1218
31.82 1217
31.830000000000002 1216
31.84 1215
31.85 1214
31.86 1213
31.87 1212
31.88 1211
31.89 1210
31.900000000000002 1209
31.91 1209
31.92 1208
31.93 1207
31.94 1206
31.95 1205
31.96 1204
31.970000000000002 1203
31.98 1202
31.990000000000002 1201
32.0 1200
32.01 1200
32.02 1199
32.03 1198
32.04 1197
32.05 1196
32.06 1195
32.07 1194
32.08 1193
32.09 1192
32.1 1192
32.11 1191
32.12 1190
32.13 1189
32.14 1188
32.15 1187
32.160000000000004 1186
32.17 1185
32.18 1184
32.19 1184
32.2 1183
32.21 1182
32.22 1181
32.230000000000004 1180
32.24 1179
32.25 1178
32.26 1177
32.27 1177
32.28 1176
32.29 1175
32.3 1174
32.31 1173
32.32 1172
32.33 1171
32.34 1170
32.35 1170
32.36 1169
32.37 1168
32.38 1167
32.39 1166
32.4 1165
32.410000000000004 1164
32.42 1163
32.43 1163
32.44 1162
32.45 1161
32.46 1160
32.47 1159
32.480000000000004 1158
32.49 1157
32.5 1156
32.51 1156
32.52 1155
32.53 1154
32.54 1153
32.55 1152
32.56 1151
32.57 1150
32.58 1150
32.59 1149
32.6 1148
32.61 1147
32.62 1146
32.63 1145
32.64 1144
32.65 1144
32.660000000000004 1143
32.67 1142
32.68 1141
32.69 1140
32.7 1139
32.71 1139
32.72 1138
32.730000000000004 1137
32.74 1136
32.75 1135
32.76 1134
32.77 1133
32.78 1133
32.79 1132
32.8 1131
32.81 1130
32.82 1129
32.83 1128
32.84 1128
32.85 1127
32.86 1126
32.87 1125
32.88 1124
32.89 1123
32.9 1122
32.910000000000004 1122
32.92 1121
32.93 1120
32.94 1119
32.95 1118
32.96 1117
32.97 1117
32.980000000000004 1116
32.99 1115
33.0 1114
33.01 1113
33.02 1112
33.03 1112
33.04 1111
33.05 1110
33.06 1109
33.07 1108
33.08 1107
33.09 1107
33.1 1106
33.11 1105
33.12 1104
33.13 1103
33.14 1103
33.15 1102
33.160000000000004 1101
33.17 1100
33.18 1099
33.19 1098
33.2 1098
33.21 1097
33.22 1096
33.230000000000004 1095
33.24 1094
33.25 1093
33.26 1093
33.27 1092
33.28 1091
33.29 1090
33.3 1089
33.31 1089
33.32 1088
33.33 1087
33.34 1086
33.35 1085
33.36 1085
33.37 1084
33.38 1083
33.39 1082
33.4 1081
33.410000000000004 1080
33.42 1080
33.43 1079
33.44 1078
33.45 1077
33.46 1076
33.47 1076
33.480000000000004 1075
33.49 1074
33.5 1073
33.51 1072
33.52 1072
33.53 1071
33.54 1070
33.55 1069
33.56 1068
33.57 1068
33.58 1067
33.59 1066
33.6 1065
33.61 1064
33.62 1064
33.63 1063
33.64 1062
33.65 1061
33.660000000000004 1060
33.67 1060
33.68 1059
33.69 1058
33.7 1057
33.71 1057
33.72 1056
33.730000000000004 1055
33.74 1054
33.75 1053
33.76 1053
33.77 1052
33.78 1051
33.79 1050
33.8 1049
33.81 1049
33.82 1048
33.83 1047
33.84 1046
33.85 1046
33.86 1045
33.87 1044
33.88 1043
33.89 1042
33.9 1042
33.910000000000004 1041
33.92 1040
33.93 1039
33.94 1039
33.95 1038
33.96 1037
33.97 1036
33.980000000000004 1035
33.99 1035
34.0 1034
34.01 1033
34.02 1032
34.03 1032
34.04 1031
34.05 1030
34.06 1029
34.07 1028
34.08 1028
34.09 1027
34.1 1026
34.11 1025
34.12 1025
34.13 1024
34.14 1023
34.15 1022
34.160000000000004 1022
34.17 1021
34.18 1020
34.19 1019
34.2 1018
34.21 1018
34.22 1017
34.230000000000004 1016
34.24 1015
34.25 1015
34.26 1014
34.27 1013
34.28 1012
34.29 1012
34.300000000000004 1011
34.31 1010
34.32 1009
34.33 1009
34.34 1008
34.35 1007
34.36 1006
34.37 1006
34.38 1005
34.39 1004
34.4 1003
34.410000000000004 1003
34.42 1002
34.43 1001
34.44 1000
34.45 1000
34.46 999
34.47 998
34.480000000000004 997
34.49 997
34.5 996
34.51 995
34.52 994
34.53 994
34.54 993
34.550000000000004 992
34.56 991
34.57 991
34.58 990
34.59 989
34.6 988
34.61 988
34.62 987
34.63 986
34.64 986
34.65 985
34.660000000000004 984
34.67 983
34.68 983
34.69 982
34.7 981
34.71 980
34.72 980
34.730000000000004 979
34.74 978
34.75 977
34.76 977
34.77 976
34.78 975
34.79 974
34.800000000000004 974
34.81 973
34.82 972
34.83 972
34.84 971
34.85 970
34.86 969
34.87 969
34.88 968
34.89 967
34.9 967
34.910000000000004 966
34.92 965
34.93 964
34.94 964
34.95 963
34.96 962
34.97 961
34.980000000000004 961
34.99 960
35.0 959
35.01 959
35.02 958
35.03 957
35.04 956
35.050000000000004 956
35.06 955
35.07 954
35.08 954
35.09 953
35.1 952
35.11 951
35.12 951
35.13 950
35.14 949
35.15 949
35.160000000000004 948
35.17 947
35.18 946
35.19 946
35.2 945
35.21 944
35.22 944
35.230000000000004 943
35.24 942
35.25 941
35.26 941
35.27 940
35.28 939
35.29 939
35.300000000000004 938
35.31 937
35.32 937
35.33 936
35.34 935
35.35 934
35.36 934
35.37 933
35.38 932
35.39 932
35.4 931
35.410000000000004 930
35.42 930
35.43 929
35.44 928
35.45 927
35.46 927
35.47 926
35.480000000000004 925
35.49 925
35.5 924
35.51 923
35.52 923
35.53 922
35.54 921
35.550000000000004 921
35.56 920
35.57 919
35.58 918
35.59 918
35.6 917
35.61 916
35.62 916
35.63 915
35.64 914
35.65 914
35.660000000000004 913
35.67 912
35.68 912
35.69 911
35.7 910
35.71 910
35.72 909
35.730000000000004 908
35.74 908
35.75 907
35.76 906
35.77 906
35.78 905
35.79 904
35.800000000000004 903
35.81 903
35.82 902
35.83 901
35.84 901
35.85 900
35.86 899
35.87 899
35.88 898
35.89 897
35.9 897
35.910000000000004 896
35.92 895
35.93 895
35.94 894
35.95 893
35.96 893
35.97 892
35.980000000000004 891
35.99 891
36.0 890
36.01 889
36.02 889
36.03 888
36.04 887
36.050000000000004 887
36.06 886
36.07 885
36.08 885
36.09 884
36.1 883
36.11 883
36.12 882
36.13 881
36.14 881
36.15 880
36.160000000000004 879
36.17 879
36.18 878
36.19 877
36.2 877
36.21 876
36.22 875
36.230000000000004 875
36.24 874
36.25 873
36.26 873
36.27 872
36.28 872
36.29 871
36.300000000000004 870
36.31 870
36.32 869
36.33 868
36.34 868
36.35 867
36.36 866
36.37 866
36.38 865
36.39 864
36.4 864
36.410000000000004 863
36.42 862
36.43 862
36.44 861
36.45 860
36.46 860
36.47 859
36.480000000000004 859
36.49 858
36.5 857
36.51 857
36.52 856
36.53 855
36.54 855
36.550000000000004 854
36.56 853
36.57 853
36.58 852
36.59 852
36.6 851
36.61 850
36.62 850
36.63 849
36.64 848
36.65 848
36.660000000000004 847
36.67 846
36.68 846
36.69 845
36.7 845
36.71 844
36.72 843
36.730000000000004 843
36.74 842
36.75 841
36.76 841
36.77 840
36.78 839
36.79 839
36.800000000000004 838
36.81 838
36.82 837
36.83 836
36.84 836
36.85 835
36.86 834
36.87 834
36.88 833
36.89 833
36.9 832
36.910000000000004 831
36.92 831
36.93 830
36.94 829
36.95 829
36.96 828
36.97 828
36.980000000000004 827
36.99 826
37.0 826
37.01 825
37.02 824
37.03 824
37.04 823
37.050000000000004 823
37.06 822
37.07 821
37.08 821
37.09 820
37.1 820
37.11 819
37.12 818
37.13 818
37.14 817
37.15 816
37.160000000000004 816
37.17 815
37.18 815
37.19 814
37.2 813
37.21 813
37.22 812
37.230000000000004 812
37.24 811
37.25 810
37.26 810
37.27 809
37.28 809
37.29 808
37.300000000000004 807
37.31 807
37.32 806
37.33 805
37.34 805
37.35 804
37.36 804
37.37 803
37.38 802
37.39 802
37.4 801
37.410000000000004 801
37.42 800
37.43 799
37.44 799
37.45 798
37.46 798
37.47 797
37.480000000000004 796
37.49 796
37.5 795
37.51 795
37.52 794
37.53 793
37.54 793
37.550000000000004 792
37.56 792
37.57 791
37.58 791
37.59 790
37.6 789
37.61 789
37.62 788
37.63 788
37.64 787
37.65 786
37.660000000000004 786
37.67 785
37.68 785
37.69 784
37.7 783
37.71 783
37.72 782
37.730000000000004 782
37.74 781
37.75 780
37.76 780
37.77 779
37.78 779
37.79 778
37.800000000000004 778
37.81 777
37.82 776
37.83 776
37.84 775
37.85 775
37.86 774
37.87 773
37.88 773
37.89 772
37.9 772
37.910000000000004 771
37.92 771
37.93 770
37.94 769
37.95 769
37.96 768
37.97 768
37.980000000000004 767
37.99 767
38.0 766
38.01 765
38.02 765
38.03 764
38.04 764
38.050000000000004 763
38.06 763
38.07 762
38.08 761
38.09 761
38.1 760
38.11 760
38.12 759
38.13 759
38.14 758
38.15 757
38.160000000000004 757
38.17 756
38.18 756
38.19 755
38.2 755
38.21 754
38.22 753
38.230000000000004 753
38.24 752
38.25 752
38.26 751
38.27 751
38.28 750
38.29 749
38.300000000000004 749
38.31 748
38.32 748
38.33 747
38.34 747
38.35 746
38.36 746
38.37 745
38.38 744
38.39 744
38.4 743
38.410000000000004 743
38.42 742
38.43 742
38.44 741
38.45 740
38.46 740
38.47 739
38.480000000000004 739
38.49 738
38.5 738
38.51 737
38.52 737
38.53 736
38.54 736
38.550000000000004 735
38.56 734
38.57 734
38.58 733
38.59 733
38.6 732
38.61 732
38.62 731
38.63 731
38.64 730
38.65 729
38.660000000000004 729
38.67 728
38.68 728
38.69 727
38.7 727
38.71 726
38.72 726
38.730000000000004 725
38.74 725
38.75 724
38.76 723
38.77 723
38.78 722
38.79 722
38.800000000000004 721
38.81 721
38.82 720
38.83 720
38.84 719
38.85 719
38.86 718
38.87 717
38.88 717
38.89 716
38.9 716
38.910000000000004 715
38.92 715
38.93 714
38.94 714
38.95 713
38.96 713
38.97 712
38.980000000000004 712
38.99 711
39.0 710
39.01 710
39.02 709
39.03 709
39.04 708
39.050000000000004 708
39.06 707
39.07 707
39.08 706
39.09 706
39.1 705
39.11 705
39.12 704
39.13 704
39.14 703
39.15 703
39.160000000000004 702
39.17 701
39.18 701
39.19 700
39.2 700
39.21 699
39.22 699
39.230000000000004 698
39.24 698
39.25 697
39.26 697
39.27 696
39.28 696
39.29 695
39.300000000000004 695
39.31 694
39.32 694
39.33 693
39.34 693
39.35 692
39.36 692
39.37 691
39.38 690
39.39 690
39.4 689
39.410000000000004 689
39.42 688
39.43 688
39.44 687
39.45 687
39.46 686
39.47 686
39.480000000000004 685
39.49 685
39.5 684
39.51 684
39.52 683
39.53 683
39.54 682
39.550000000000004 682
39.56 681
39.57 681
39.58 680
39.59 680
39.6 679
39.61 679
39.62 678
39.63 678
39.64 677
39.65 677
39.660000000000004 676
39.67 676
39.68 675
39.69 675
39.7 674
39.71 674
39.72 673
39.730000000000004 673
39.74 672
39.75 672
39.76 671
39.77 671
39.78 670
39.79 670
39.800000000000004 669
39.81 668
39.82 668
39.83 667
39.84 667
39.85 666
39.86 666
39.87 665
39.88 665
39.89 664
39.9 664
39.910000000000004 663
39.92 663
39.93 662
39.94 662
39.95 661
39.96 661
39.97 660
39.980000000000004 660
39.99 660
40.0 659
40.01 659
40.02 658
40.03 658
40.04 657
40.050000000000004 657
40.06 656
40.07 656
40.08 655
40.09 655
40.1 654
40.11 654
40.12 653
40.13 653
40.14 652
40.15 652
40.160000000000004 651
40.17 651
40.18 650
40.19 650
40.2 649
40.21 649
40.22 648
40.230000000000004 648
40.24 647
40.25 647
40.26 646
40.27 646
40.28 645
40.29 645
40.300000000000004 644
40.31 644
40.32 643
40.33 643
40.34 642
40.35 642
40.36 641
40.37 641
40.38 640
40.39 640
40.4 639
40.410000000000004 639
40.42 638
40.43 638
40.44 638
40.45 637
40.46 637
40.47 636
40.480000000000004 636
40.49 635
40.5 635
40.51 634
40.52 634
40.53 633
40.54 633
40.550000000000004 632
40.56 632
40.57 631
40.58 631
40.59 630
40.6 630
40.61 629
40.62 629
40.63 628
40.64 628
40.65 628
40.660000000000004 627
40.67 627
40.68 626
40.69 626
40.7 625
40.71 625
40.72 624
40.730000000000004 624
40.74 623
40.75 623
40.76 622
40.77 622
40.78 621
40.79 621
40.800000000000004 620
40.81 620
40.82 620
40.83 619
40.84 619
40.85 618
40.86 618
40.87 617
40.88 617
40.89 616
40.9 616
40.910000000000004 615
40.92 615
40.93 614
40.94 614
40.95 614
40.96 613
40.97 613
40.980000000000004 612
40.99 612
41.0 611
41.01 611
41.02 610
41.03 610
41.04 609
41.050000000000004 609
41.06 608
41.07 608
41.08 608
41.09 607
41.1 607
41.11 606
41.12 606
41.13 605
41.14 605
41.15 604
41.160000000000004 604
41.17 603
41.18 603
41.19 603
41.2 602
41.21 602
41.22 601
41.230000000000004 601
41.24 600
41.25 600
41.26 599
41.27 599
41.28 598
41.29 598
41.300000000000004 598
41.31 597
41.32 597
41.33 596
41.34 596
41.35 595
41.36 595
41.37 594
41.38 594
41.39 594
41.4 593
41.410000000000004 593
41.42 592
41.43 592
41.44 591
41.45 591
41.46 590
41.47 590
41.480000000000004 590
41.49 589
41.5 589
41.51 588
41.52 588
41.53 587
41.54 587
41.550000000000004 586
41.56 586
41.57 586
41.58 585
41.59 585
41.6 584
41.61 584
41.62 583
41.63 583
41.64 582
41.65 582
41.660000000000004 582
41.67 581
41.68 581
41.69 580
41.7 580
41.71 579
41.72 579
41.730000000000004 579
41.74 578
41.75 578
41.76 577
41.77 577
41.78 576
41.79 576
41.800000000000004 575
41.81 575
41.82 575
41.83 574
41.84 574
41.85 573
41.86 573
41.87 572
41.88 572
41.89 572
41.9 571
41.910000000000004 571
41.92 570
41.93 570
41.94 569
41.95 569
41.96 569
41.97 568
41.980000000000004 568
41.99 567
42.0 567
42.01 566
42.02 566
42.03 566
42.04 565
42.050000000000004 565
42.06 564
42.07 564
42.08 563
42.09 563
42.1 563
42.11 562
42.12 562
42.13 561
42.14 561
42.15 560
42.160000000000004 560
42.17 560
42.18 559
42.19 559
42.2 558
42.21 558
42.22 558
42.230000000000004 557
42.24 557
42.25 556
42.26 556
42.27 555
42.28 555
42.29 555
42.300000000000004 554
42.31 554
42.32 553
42.33 553
42.34 553
42.35 552
42.36 552
42.37 551
42.38 551
42.39 550
42.4 550
42.410000000000004 550
42.42 549
42.43 549
42.44 548
42.45 548
42.46 548
42.47 547
42.480000000000004 547
42.49 546
42.5 546
42.51 545
42.52 545
42.53 545
42.54 544
42.550000000000004 544
42.56 543
42.57 543
42.58 543
42.59 542
42.6 542
42.61 541
42.62 541
42.63 541
42.64 540
42.65 540
42.660000000000004 539
42.67 539
42.68 539
42.69 538
42.7 538
42.71 537
42.72 537
42.730000000000004 536
42.74 536
42.75 536
42.76 535
42.77 535
42.78 534
42.79 534
42.800000000000004 534
42.81 533
42.82 533
42.83 532
42.84 532
42.85 532
42.86 531
42.87 531
42.88 530
42.89 530
42.9 530
42.910000000000004 529
42.92 529
42.93 528
42.94 528
42.95 528
42.96 527
42.97 527
42.980000000000004 526
42.99 526
43.0 526
43.01 525
43.02 525
43.03 524
43.04 524
43.050000000000004 524
43.06 523
43.07 523
43.08 523
43.09 522
43.1 522
43.11 521
43.12 521
43.13 521
43.14 520
43.15 520
43.160000000000004 519
43.17 519
43.18 519
43.19 518
43.2 518
43.21 517
43.22 517
43.230000000000004 517
43.24 516
43.25 516
43.26 515
43.27 515
43.28 515
43.29 514
43.300000000000004 514
43.31 514
43.32 513
43.33 513
43.34 512
43.35 512
43.36 512
43.37 511
43.38 511
43.39 510
43.4 510
43.410000000000004 510
43.42 509
43.43 509
43.44 509
43.45 508
43.46 508
43.47 507
43.480000000000004 507
43.49 507
43.5 506
43.51 506
43.52 505
43.53 505
43.54 505
43.550000000000004 504
43.56 504
43.57 504
43.58 503
43.59 503
43.6 502
43.61 502
43.62 502
43.63 501
43.64 501
43.65 501
43.660000000000004 500
43.67 500
43.68 499
43.69 499
43.7 499
43.71 498
43.72 498
43.730000000000004 498
43.74 497
43.75 497
43.76 496
43.77 496
43.78 496
43.79 495
43.800000000000004 495
43.81 495
43.82 494
43.83 494
43.84 493
43.85 493
43.86 493
43.87 492
43.88 492
43.89 492
43.9 491
43.910000000000004 491
43.92 490
43.93 490
43.94 490
43.95 489
43.96 489
43.97 489
43.980000000000004 488
43.99 488
44.0 487
44.01 487
44.02 487
44.03 486
44.04 486
44.050000000000004 486
44.06 485
44.07 485
44.08 485
44.09 484
44.1 484
44.11 483
44.12 483
44.13 483
44.14 482
44.15 482
44.160000000000004 482
44.17 481
44.18 481
44.19 481
44.2 480
44.21 480
44.22 479
44.230000000000004 479
44.24 479
44.25 478
44.26 478
44.27 478
44.28 477
44.29 477
44.300000000000004 477
44.31 476
44.32 476
44.33 475
44.34 475
44.35 475
44.36 474
44.37 474
44.38 474
44.39 473
44.4 473
44.410000000000004 473
44.42 472
44.43 472
44.44 472
44.45 471
44.46 471
44.47 470
44.480000000000004 470
44.49 470
44.5 469
44.51 469
44.52 469
44.53 468
44.54 468
44.550000000000004 468
44.56 467
44.57 467
44.58 467
44.59 466
44.6 466
44.61 466
44.62 465
44.63 465
44.64 464
44.65 464
44.660000000000004 464
44.67 463
44.68 463
44.69 463
44.7 462
44.71 462
44.72 462
44.730000000000004 461
44.74 461
44.75 461
44.76 460
44.77 460
44.78 460
44.79 459
44.800000000000004 459
44.81 459
44.82 458
44.83 458
44.84 458
44.85 457
44.86 457
44.87 456
44.88 456
44.89 456
44.9 455
44.910000000000004 455
44.92 455
44.93 454
44.94 454
44.95 454
44.96 453
44.97 453
44.980000000000004 453
44.99 452
45.0 452
45.01 452
45.02 451
45.03 451
45.04 451
45.050000000000004 450
45.06 450
45.07 450
45.08 449
45.09 449
45.1 449
45.11 448
45.12 448
45.13 448
45.14 447
45.15 447
45.160000000000004 447
45.17 446
45.18 446
45.19 446
45.2 445
45.21 445
45.22 445
45.230000000000004 444
45.24 444
45.25 444
45.26 443
45.27 443
45.28 443
45.29 442
45.300000000000004 442
45.31 442
45.32 441
45.33 441
45.34 441
45.35 440
45.36 440
45.37 440
45.38 439
45.39 439
45.4 439
45.410000000000004 438
45.42 438
45.43 438
45.44 437
45.45 437
45.46 437
45.47 436
45.480000000000004 436
45.49 436
45.5 435
45.51 435
45.52 435
45.53 434
45.54 434
45.550000000000004 434
45.56 433
45.57 433
45.58 433
45.59 432
45.6 432
45.61 432
45.62 431
45.63 431
45.64 431
45.65 430
45.660000000000004 430
45.67 430
45.68 429
45.69 429
45.7 429
45.71 428
45.72 428
45.730000000000004 428
45.74 427
45.75 427
45.76 427
45.77 426
45.78 426
45.79 426
45.800000000000004 426
45.81 425
45.82 425
45.83 425
45.84 424
45.85 424
45.86 424
45.87 423
45.88 423
45.89 423
45.9 422
45.910000000000004 422
45.92 422
45.93 421
45.94 421
45.95 421
45.96 420
45.97 420
45.980000000000004 420
45.99 419
46.0 419
46.01 419
46.02 419
46.03 418
46.04 418
46.050000000000004 418
46.06 417
46.07 417
46.08 417
46.09 416
46.1 416
46.11 416
46.12 415
46.13 415
46.14 415
46.15 414
46.160000000000004 414
46.17 414
46.18 413
46.19 413
46.2 413
46.21 413
46.22 412
46.230000000000004 412
46.24 412
46.25 411
46.26 411
46.27 411
46.28 410
46.29 410
46.300000000000004 410
46.31 409
46.32 409
46.33 409
46.34 409
46.35 408
46.36 408
46.37 408
46.38 407
46.39 407
46.4 407
46.410000000000004 406
46.42 406
46.43 406
46.44 405
46.45 405
46.46 405
46.47 405
46.480000000000004 404
46.49 404
46.5 404
46.51 403
46.52 403
46.53 403
46.54 402
46.550000000000004 402
46.56 402
46.57 401
46.58 401
46.59 401
46.6 401
46.61 400
46.62 400
46.63 400
46.64 399
46.65 399
46.660000000000004 399
46.67 398
46.68 398
46.69 398
46.7 398
46.71 397
46.72 397
46.730000000000004 397
46.74 396
46.75 396
46.76 396
46.77 395
46.78 395
46.79 395
46.800000000000004 395
46.81 394
46.82 394
46.83 394
46.84 393
46.85 393
46.86 393
46.87 392
46.88 392
46.89 392
46.9 392
46.910000000000004 391
46.92 391
46.93 391
46.94 390
46.95 390
46.96 390
46.97 390
46.980000000000004 389
46.99 389
47.0 389
47.01 388
47.02 388
47.03 388
47.04 387
47.050000000000004 387
47.06 387
47.07 387
47.08 386
47.09 386
47.1 386
47.11 385
47.12 385
47.13 385
47.14 385
47.15 384
47.160000000000004 384
47.17 384
47.18 383
47.19 383
47.2 383
47.21 383
47.22 382
47.230000000000004 382
47.24 382
47.25 381
47.26 381
47.27 381
47.28 381
47.29 380
47.300000000000004 380
47.31 380
47.32 379
47.33 379
47.34 379
47.35 378
47.36 378
47.37 378
47.38 378
47.39 377
47.4 377
47.410000000000004 377
47.42 376
47.43 376
47.44 376
47.45 376
47.46 375
47.47 375
47.480000000000004 375
47.49 375
47.5 374
47.51 374
47.52 374
47.53 373
47.54 373
47.550000000000004 373
47.56 373
47.57 372
47.58 372
47.59 372
47.6 371
47.61 371
47.62 371
47.63 371
47.64 370
47.65 370
47.660000000000004 370
47.67 369
47.68 369
47.69 369
47.7 369
47.71 368
47.72 368
47.730000000000004 368
47.74 367
47.75 367
47.76 367
47.77 367
47.78 366
47.79 366
47.800000000000004 366
47.81 366
47.82 365
47.83 365
47.84 365
47.85 364
47.86 364
47.870000000000005 364
47.88 364
47.89 363
47.9 363
47.910000000000004 363
47.92 363
47.93 362
47.94 362
47.95 362
47.96 361
47.97 361
47.980000000000004 361
47.99 361
48.0 360
48.01 360
48.02 360
48.03 360
48.04 359
48.050000000000004 359
48.06 359
48.07 358
48.08 358
48.09 358
48.1 358
48.11 357
48.120000000000005 357
48.13 357
48.14 357
48.15 356
48.160000000000004 356
48.17 356
48.18 355
48.19 355
48.2 355
48.21 355
48.22 354
48.230000000000004 354
48.24 354
48.25 354
48.26 353
48.27 353
48.28 353
48.29 353
48.300000000000004 352
48.31 352
48.32 352
48.33 351
48.34 351
48.35 351
48.36 351
48.370000000000005 350
48.38 350
48.39 350
48.4 350
48.410000000000004 349
48.42 349
48.43 349
48.44 349
48.45 348
48.46 348
48.47 348
48.480000000000004 347
48.49 347
48.5 347
48.51 347
48.52 346
48.53 346
48.54 346
48.550000000000004 346
48.56 345
48.57 345
48.58 345
48.59 345
48.6 344
48.61 344
48.620000000000005 344
48.63 344
48.64 343
48.65 343
48.660000000000004 343
48.67 343
48.68 342
48.69 342
48.7 342
48.71 342
48.72 341
48.730000000000004 341
48.74 341
48.75 340
48.76 340
48.77 340
48.78 340
48.79 339
48.800000000000004 339
48.81 339
48.82 339
48.83 338
48.84 338
48.85 338
48.86 338
48.870000000000005 337
48.88 337
48.89 337
48.9 337
48.910000000000004 336
48.92 336
48.93 336
48.94 336
48.95 335
48.96 335
48.97 335
48.980000000000004 335
48.99 334
49.0 334
49.01 334
49.02 334
49.03 333
49.04 333
49.050000000000004 333
49.06 333
49.07 332
49.08 332
49.09 332
49.1 332
49.11 331
49.120000000000005 331
49.13 331
49.14 331
49.15 330
49.160000000000004 330
49.17 330
49.18 330
49.19 329
49.2 329
49.21 329
49.22 329
49.230000000000004 328
49.24 328
49.25 328
49.26 328
49.27 327
49.28 327
49.29 327
49.300000000000004 327
49.31 326
49.32 326
49.33 326
49.34 326
49.35 325
49.36 325
49.370000000000005 325
49.38 325
49.39 324
49.4 324
49.410000000000004 324
49.42 324
49.43 323
49.44 323
49.45 323
49.46 323
49.47 322
49.480000000000004 322
49.49 322
49.5 322
49.51 321
49.52 321
49.53 321
49.54 321
49.550000000000004 320
49.56 320
49.57 320
49.58 320
49.59 320
49.6 319
49.61 319
49.620000000000005 319
49.63 319
49.64 318
49.65 318
49.660000000000004 318
49.67 318
49.68 317
49.69 317
49.7 317
49.71 317
49.72 316
49.730000000000004 316
49.74 316
49.75 316
49.76 315
49.77 315
49.78 315
49.79 315
49.800000000000004 314
49.81 314
49.82 314
49.83 314
49.84 314
49.85 313
49.86 313
49.870000000000005 313
49.88 313
49.89 312
49.9 312
49.910000000000004 312
49.92 312
49.93 311
49.94 311
49.95 311
49.96 311
49.97 310
49.980000000000004 310
49.99 310
50.0 310
50.01 310
50.02 309
50.03 309
50.04 309
50.050000000000004 309
50.06 308
50.07 308
50.08 308
50.09 308
50.1 307
50.11 307
50.120000000000005 307
50.13 307
50.14 306
50.15 306
50.160000000000004 306
50.17 306
50.18 306
50.19 305
50.2 305
50.21 305
50.22 305
50.230000000000004 304
50.24 304
50.25 304
50.26 304
50.27 303
50.28 303
50.29 303
50.300000000000004 303
50.31 303
50.32 302
50.33 302
50.34 302
50.35 302
50.36 301
50.370000000000005 301
50.38 301
50.39 301
50.4 301
50.410000000000004 300
50.42 300
50.43 300
50.44 300
50.45 299
50.46 299
50.47 299
50.480000000000004 299
50.49 298
50.5 298
50.51 298
50.52 298
50.53 298
50.54 297
50.550000000000004 297
50.56 297
50.57 297
50.58 296
50.59 296
50.6 296
50.61 296
50.620000000000005 296
50.63 295
50.64 295
50.65 295
50.660000000000004 295
50.67 294
50.68 294
50.69 294
50.7 294
50.71 294
50.72 293
50.730000000000004 293
50.74 293
50.75 293
50.76 292
50.77 292
50.78 292
50.79 292
50.800000000000004 292
50.81 291
50.82 291
50.83 291
50.84 291
50.85 290
50.86 290
50.870000000000005 290
50.88 290
50.89 290
50.9 289
50.910000000000004 289
50.92 289
50.93 289
50.94 288
50.95 288
50.96 288
50.97 288
50.980000000000004 288
50.99 287
51.0 287
51.01 287
51.02 287
51.03 287
51.04 286
51.050000000000004 286
51.06 286
51.07 286
51.08 285
51.09 285
51.1 285
51.11 285
51.120000000000005 285
51.13 284
51.14 284
51.15 284
51.160000000000004 284
51.17 283
51.18 283
51.19 283
51.2 283
51.21 283
51.22 282
51.230000000000004 282
51.24 282
51.25 282
51.26 282
51.27 281
51.28 281
51.29 281
51.300000000000004 281
51.31 281
51.32 280
51.33 280
51.34 280
51.35 280
51.36 279
51.370000000000005 279
51.38 279
51.39 279
51.4 279
51.410000000000004 278
51.42 278
51.43 278
51.44 278
51.45 278
51.46 277
51.47 277
51.480000000000004 277
51.49 277
51.5 276
51.51 276
51.52 276
51.53 276
51.54 276
51.550000000000004 275
51.56 275
51.57 275
51.58 275
51.59 275
51.6 274
51.61 274
51.620000000000005 274
51.63 274
51.64 274
51.65 273
51.660000000000004 273
51.67 273
51.68 273
51.69 273
51.7 272
51.71 272
51.72 272
51.730000000000004 272
51.74 272
51.75 271
51.76 271
51.77 271
51.78 271
51.79 270
51.800000000000004 270
51.81 270
51.82 270
51.83 270
51.84 269
51.85 269
51.86 269
51.870000000000005 269
51.88 269
51.89 268
51.9 268
51.910000000000004 268
51.92 268
51.93 268
51.94 267
51.95 267
51.96 267
51.97 267
51.980000000000004 267
51.99 266
52.0 266
52.01 266
52.02 266
52.03 266
52.04 265
52.050000000000004 265
52.06 265
52.07 265
52.08 265
52.09 264
52.1 264
52.11 264
52.120000000000005 264
52.13 264
52.14 263
52.15 263
52.160000000000004 263
52.17 263
52.18 263
52.19 262
52.2 262
52.21 262
52.22 262
52.230000000000004 262
52.24 261
52.25 261
52.26 261
52.27 261
52.28 261
52.29 260
52.300000000000004 260
52.31 260
52.32 260
52.33 260
52.34 259
52.35 259
52.36 259
52.370000000000005 259
52.38 259
52.39 258
52.4 258
52.410000000000004 258
52.42 258
52.43 258
52.44 257
52.45 257
52.46 257
52.47 257
52.480000000000004 257
52.49 257
52.5 256
52.51 256
52.52 256
52.53 256
52.54 256
52.550000000000004 255
52.56 255
52.57 255
52.58 255
52.59 255
52.6 254
52.61 254
52.620000000000005 254
52.63 254
52.64 254
52.65 253
52.660000000000004 253
52.67 253
52.68 253
52.69 253
52.7 252
52.71 252
52.72 252
52.730000000000004 252
52.74 252
52.75 252
52.76 251
52.77 251
52.78 251
52.79 251
52.800000000000004 251
52.81 250
52.82 250
52.83 250
52.84 250
52.85 250
52.86 249
52.870000000000005 249
52.88 249
52.89 249
52.9 249
52.910000000000004 248
52.92 248
52.93 248
52.94 248
52.95 248
52.96 248
52.97 247
52.980000000000004 247
52.99 247
53.0 247
53.01 247
53.02 246
53.03 246
53.04 246
53.050000000000004 246
53.06 246
53.07 245
53.08 245
53.09 245
53.1 245
53.11 245
53.120000000000005 245
53.13 244
53.14 244
53.15 244
53.160000000000004 244
53.17 244
53.18 243
53.19 243
53.2 243
53.21 243
53.22 243
53.230000000000004 243
53.24 242
53.25 242
53.26 242
53.27 242
53.28 242
53.29 241
53.300000000000004 241
53.31 241
53.32 241
53.33 241
53.34 241
53.35 240
53.36 240
53.370000000000005 240
53.38 240
53.39 240
53.4 239
53.410000000000004 239
53.42 239
53.43 239
53.44 239
53.45 239
53.46 238
53.47 238
53.480000000000004 238
53.49 238
53.5 238
53.51 237
53.52 237
53.53 237
53.54 237
53.550000000000004 237
53.56 237
53.57 236
53.58 236
53.59 236
53.6 236
53.61 236
53.620000000000005 235
53.63 235
53.64 235
53.65 235
53.660000000000004 235
53.67 235
53.68 234
53.69 234
53.7 234
53.71 234
53.72 234
53.730000000000004 234
53.74 233
53.75 233
53.76 233
53.77 233
53.78 233
53.79 232
53.800000000000004 232
53.81 232
53.82 232
53.83 232
53.84 232
53.85 231
53.86 231
53.870000000000005 231
53.88 231
53.89 231
53.9 231
53.910000000000004 230
53.92 230
53.93 230
53.94 230
53.95 230
53.96 229
53.97 229
53.980000000000004 229
53.99 229
54.0 229
54.01 229
54.02 228
54.03 228
54.04 228
54.050000000000004 228
54.06 228
54.07 228
54.08 227
54.09 227
54.1 227
54.11 227
54.120000000000005 227
54.13 227
54.14 226
54.15 226
54.160000000000004 226
54.17 226
54.18 226
54.19 226
54.2 225
54.21 225
54.22 225
54.230000000000004 225
54.24 225
54.25 224
54.26 224
54.27 224
54.28 224
54.29 224
54.300000000000004 224
54.31 223
54.32 223
54.33 223
54.34 223
54.35 223
54.36 223
54.370000000000005 222
54.38 222
54.39 222
54.4 222
54.410000000000004 222
54.42 222
54.43 221
54.44 221
54.45 221
54.46 221
54.47 221
54.480000000000004 221
54.49 220
54.5 220
54.51 220
54.52 220
54.53 220
54.54 220
54.550000000000004 219
54.56 219
54.57 219
54.58 219
54.59 219
54.6 219
54.61 218
54.620000000000005 218
54.63 218
54.64 218
54.65 218
54.660000000000004 218
54.67 217
54.68 217
54.69 217
54.7 217
54.71 217
54.72 217
54.730000000000004 216
54.74 216
54.75 216
54.76 216
54.77 216
54.78 216
54.79 215
54.800000000000004 215
54.81 215
54.82 215
54.83 215
54.84 215
54.85 215
54.86 214
54.870000000000005 214
54.88 214
54.89 214
54.9 214
54.910000000000004 214
54.92 213
54.93 213
54.94 213
54.95 213
54.96 213
54.97 213
54.980000000000004 212
54.99 212
55.0 212
55.01 212
55.02 212
55.03 212
55.04 211
55.050000000000004 211
55.06 211
55.07 211
55.08 211
55.09 211
55.1 210
55.11 210
55.120000000000005 210
55.13 210
55.14 210
55.15 210
55.160000000000004 210
55.17 209
55.18 209
55.19 209
55.2 209
55.21 209
55.22 209
55.230000000000004 208
55.24 208
55.25 208
55.26 208
55.27 208
55.28 208
55.29 207
55.300000000000004 207
55.31 207
55.32 207
55.33 207
55.34 207
55.35 207
55.36 206
55.370000000000005 206
55.38 206
55.39 206
55.4 206
55.410000000000004 206
55.42 205
55.43 205
55.44 205
55.45 205
55.46 205
55.47 205
55.480000000000004 205
55.49 204
55.5 204
55.51 204
55.52 204
55.53 204
55.54 204
55.550000000000004 203
55.56 203
55.57 203
55.58 203
55.59 203
55.6 203
55.61 203
55.620000000000005 202
55.63 202
55.64 202
55.65 202
55.660000000000004 202
55.67 202
55.68 201
55.69 201
55.7 201
55.71 201
55.72 201
55.730000000000004 201
55.74 201
55.75 200
55.76 200
55.77 200
55.78 200
55.79 200
55.800000000000004 200
55.81 199
55.82 199
55.83 199
55.84 199
55.85 199
55.86 199
55.870000000000005 199
55.88 198
55.89 198
55.9 198
55.910000000000004 198
55.92 198
55.93 198
55.94 198
55.95 197
55.96 197
55.97 197
55.980000000000004 197
55.99 197
56.0 197
56.01 196
56.02 196
56.03 196
56.04 196
56.050000000000004 196
56.06 196
56.07 196
56.08 195
56.09 195
56.1 195
56.11 195
56.120000000000005 195
56.13 195
56.14 195
56.15 194
56.160000000000004 194
56.17 194
56.18 194
56.19 194
56.2 194
56.21 194
56.22 193
56.230000000000004 193
56.24 193
56.25 193
56.26 193
56.27 193
56.28 192
56.29 192
56.300000000000004 192
56.31 192
56.32 192
56.33 192
56.34 192
56.35 191
56.36 191
56.370000000000005 191
56.38 191
56.39 191
56.4 191
56.410000000000004 191
56.42 190
56.43 190
56.44 190
56.45 190
56.46 190
56.47 190
56.480000000000004 190
56.49 189
56.5 189
56.51 189
56.52 189
56.53 189
56.54 189
56.550000000000004 189
56.56 188
56.57 188
56.58 188
56.59 188
56.6 188
56.61 188
56.620000000000005 188
56.63 187
56.64 187
56.65 187
56.660000000000004 187
56.67 187
56.68 187
56.69 187
56.7 186
56.71 186
56.72 186
56.730000000000004 186
56.74 186
56.75 186
56.76 186
56.77 185
56.78 185
56.79 185
56.800000000000004 185
56.81 185
56.82 185
56.83 185
56.84 184
56.85 184
56.86 184
56.870000000000005 184
56.88 184
56.89 184
56.9 184
56.910000000000004 184
56.92 183
56.93 183
56.94 183
56.95 183
56.96 183
56.97 183
56.980000000000004 183
56.99 182
57.0 182
57.01 182
57.02 182
57.03 182
57.04 182
57.050000000000004 182
57.06 181
57.07 181
57.08 181
57.09 181
57.1 181
57.11 181
57.120000000000005 181
57.13 180
57.14 180
57.15 180
57.160000000000004 180
57.17 180
57.18 180
57.19 180
57.2 180
57.21 179
57.22 179
57.230000000000004 179
57.24 179
57.25 179
57.26 179
57.27 179
57.28 178
57.29 178
57.300000000000004 178
57.31 178
57.32 178
57.33 178
57.34 178
57.35 177
57.36 177
57.370000000000005 177
57.38 177
57.39 177
57.4 177
57.410000000000004 177
57.42 177
57.43 176
57.44 176
57.45 176
57.46 176
57.47 176
57.480000000000004 176
57.49 176
57.5 175
57.51 175
57.52 175
57.53 175
57.54 175
57.550000000000004 175
57.56 175
57.57 175
57.58 174
57.59 174
57.6 174
57.61 174
57.620000000000005 174
57.63 174
57.64 174
57.65 173
57.660000000000004 173
57.67 173
57.68 173
57.69 173
57.7 173
57.71 173
57.72 173
57.730000000000004 172
57.74 172
57.75 172
57.76 172
57.77 172
57.78 172
57.79 172
57.800000000000004 172
57.81 171
57.82 171
57.83 171
57.84 171
57.85 171
57.86 171
57.870000000000005 171
57.88 170
57.89 170
57.9 170
57.910000000000004 170
57.92 170
57.93 170
57.94 170
57.95 170
57.96 169
57.97 169
57.980000000000004 169
57.99 169
58.0 169
58.01 169
58.02 169
58.03 169
58.04 168
58.050000000000004 168
58.06 168
58.07 168
58.08 168
58.09 168
58.1 168
58.11 168
58.120000000000005 167
58.13 167
58.14 167
58.15 167
58.160000000000004 167
58.17 167
58.18 167
58.19 167
58.2 166
58.21 166
58.22 166
58.230000000000004 166
58.24 166
58.25 166
58.26 166
58.27 166
58.28 165
58.29 165
58.300000000000004 165
58.31 165
58.32 165
58.33 165
58.34 165
58.35 165
58.36 164
58.370000000000005 164
58.38 164
58.39 164
58.4 164
58.410000000000004 164
58.42 164
58.43 164
58.44 163
58.45 163
58.46 163
58.47 163
58.480000000000004 163
58.49 163
58.5 163
58.51 163
58.52 162
58.53 162
58.54 162
58.550000000000004 162
58.56 162
58.57 162
58.58 162
58.59 162
58.6 161
58.61 161
58.620000000000005 161
58.63 161
58.64 161
58.65 161
58.660000000000004 161
58.67 161
58.68 160
58.69 160
58.7 160
58.71 160
58.72 160
58.730000000000004 160
58.74 160
58.75 160
58.76 159
58.77 159
58.78 159
58.79 159
58.800000000000004 159
58.81 159
58.82 159
58.83 159
58.84 159
58.85 158
58.86 158
58.870000000000005 158
58.88 158
58.89 158
58.9 158
58.910000000000004 158
58.92 158
58.93 157
58.94 157
58.95 157
58.96 157
58.97 157
58.980000000000004 157
58.99 157
59.0 157
59.01 156
59.02 156
59.03 156
59.04 156
59.050000000000004 156
59.06 156
59.07 156
59.08 156
59.09 156
59.1 155
59.11 155
59.120000000000005 155
59.13 155
59.14 155
59.15 155
59.160000000000004 155
59.17 155
59.18 154
59.19 154
59.2 154
59.21 154
59.22 154
59.230000000000004 154
59.24 154
59.25 154
59.26 154
59.27 153
59.28 153
59.29 153
59.300000000000004 153
59.31 153
59.32 153
59.33 153
59.34 153
59.35 152
59.36 152
59.370000000000005 152
59.38 152
59.39 152
59.4 152
59.410000000000004 152
59.42 152
59.43 152
59.44 151
59.45 151
59.46 151
59.47 151
59.480000000000004 151
59.49 151
59.5 151
59.51 151
59.52 151
59.53 150
59.54 150
59.550000000000004 150
59.56 150
59.57 150
59.58 150
59.59 150
59.6 150
59.61 150
59.620000000000005 149
59.63 149
59.64 149
59.65 149
59.660000000000004 149
59.67 149
59.68 149
59.69 149
59.7 148
59.71 148
59.72 148
59.730000000000004 148
59.74 148
59.75 148
59.76 148
59.77 148
59.78 148
59.79 147
59.800000000000004 147
59.81 147
59.82 147
59.83 147
59.84 147
59.85 147
59.86 147
59.870000000000005 147
59.88 146
59.89 146
59.9 146
59.910000000000004 146
59.92 146
59.93 146
59.94 146
59.95 146
59.96 146
59.97 145
59.980000000000004 145
59.99 145
60.0 145
60.01 145
60.02 145
60.03 145
60.04 145
60.050000000000004 145
60.06 144
60.07 144
60.08 144
60.09 144
60.1 144
60.11 144
60.120000000000005 144
60.13 144
60.14 144
60.15 144
60.160000000000004 143
60.17 143
60.18 143
60.19 143
60.2 143
60.21 143
60.22 143
60.230000000000004 143
60.24 143
60.25 142
60.26 142
60.27 142
60.28 142
60.29 142
60.300000000000004 142
60.31 142
60.32 142
60.33 142
60.34 141
60.35 141
60.36 141
60.370000000000005 141
60.38 141
60.39 141
60.4 141
60.410000000000004 141
60.42 141
60.43 140
60.44 140
60.45 140
60.46 140
60.47 140
60.480000000000004 140
60.49 140
60.5 140
60.51 140
60.52 140
60.53 139
60.54 139
60.550000000000004 139
60.56 139
60.57 139
60.58 139
60.59 139
60.6 139
60.61 139
60.620000000000005 138
60.63 138
60.64 138
60.65 138
60.660000000000004 138
60.67 138
60.68 138
60.69 138
60.7 138
60.71 138
60.72 137
60.730000000000004 137
60.74 137
60.75 137
60.76 137
60.77 137
60.78 137
60.79 137
60.800000000000004 137
60.81 137
60.82 136
60.83 136
60.84 136
60.85 136
60.86 136
60.870000000000005 136
60.88 136
60.89 136
60.9 136
60.910000000000004 135
60.92 135
60.93 135
60.94 135
60.95 135
60.96 135
60.97 135
60.980000000000004 135
60.99 135
61.0 135
61.01 134
61.02 134
61.03 134
61.04 134
61.050000000000004 134
61.06 134
61.07 134
61.08 134
61.09 134
61.1 134
61.11 133
61.120000000000005 133
61.13 133
61.14 133
61.15 133
61.160000000000004 133
61.17 133
61.18 133
61.19 133
61.2 133
61.21 132
61.22 132
61.230000000000004 132
61.24 132
61.25 132
61.26 132
61.27 132
61.28 132
61.29 132
61.300000000000004 132
61.31 131
61.32 131
61.33 131
61.34 131
61.35 131
61.36 131
61.370000000000005 131
61.38 131
61.39 131
61.4 131
61.410000000000004 130
61.42 130
61.43 130
61.44 130
61.45 130
61.46 130
61.47 130
61.480000000000004 130
61.49 130
61.5 130
61.51 129
61.52 129
61.53 129
61.54 129
61.550000000000004 129
61.56 129
61.57 129
61.58 129
61.59 129
61.6 129
61.61 128
61.620000000000005 128
61.63 128
61.64 128
61.65 128
61.660000000000004 128
61.67 128
61.68 128
61.690000000000005 128
61.7 128
61.71 127
61.72 127
61.730000000000004 127
61.74 127
61.75 127
61.76 127
61.77 127
61.78 127
61.79 127
61.800000000000004 127
61.81 127
61.82 126
61.83 126
61.84 126
61.85 126
61.86 126
61.870000000000005 126
61.88 126
61.89 126
61.9 126
61.910000000000004 126
61.92 125
61.93 125
61.940000000000005 125
61.95 125
61.96 125
61.97 125
61.980000000000004 125
61.99 125
62.0 125
62.01 125
62.02 125
62.03 124
62.04 124
62.050000000000004 124
62.06 124
62.07 124
62.08 124
62.09 124
62.1 124
62.11 124
62.120000000000005 124
62.13 123
62.14 123
62.15 123
62.160000000000004 123
62.17 123
62.18 123
62.190000000000005 123
62.2 123
62.21 123
62.22 123
62.230000000000004 123
62.24 122
62.25 122
62.26 122
62.27 122
62.28 122
62.29 122
62.300000000000004 122
62.31 122
62.32 122
62.33 122
62.34 122
62.35 121
62.36 121
62.370000000000005 121
62.38 121
62.39 121
62.4 121
62.410000000000004 121
62.42 121
62.43 121
62.440000000000005 121
62.45 121
62.46 120
62.47 120
62.480000000000004 120
62.49 120
62.5 120
62.51 120
62.52 120
62.53 120
62.54 120
62.550000000000004 120
62.56 120
62.57 119
62.58 119
62.59 119
62.6 119
62.61 119
62.620000000000005 119
62.63 119
62.64 119
62.65 119
62.660000000000004 119
62.67 119
62.68 118
62.690000000000005 118
62.7 118
62.71 118
62.72 118
62.730000000000004 118
62.74 118
62.75 118
62.76 118
62.77 118
62.78 118
62.79 117
62.800000000000004 117
62.81 117
62.82 117
62.83 117
62.84 117
62.85 117
62.86 117
62.870000000000005 117
62.88 117
62.89 117
62.9 116
62.910000000000004 116
62.92 116
62.93 116
62.940000000000005 116
62.95 116
62.96 116
62.97 116
62.980000000000004 116
62.99 116
63.0 116
63.01 116
63.02 115
63.03 115
63.04 115
63.050000000000004 115
63.06 115
63.07 115
63.08 115
63.09 115
63.1 115
63.11 115
63.120000000000005 115
63.13 114
63.14 114
63.15 114
63.160000000000004 114
63.17 114
63.18 114
63.190000000000005 114
63.2 114
63.21 114
63.22 114
63.230000000000004 114
63.24 114
63.25 113
63.26 113
63.27 113
63.28 113
63.29 113
63.300000000000004 113
63.31 113
63.32 113
63.33 113
63.34 113
63.35 113
63.36 112
63.370000000000005 112
63.38 112
63.39 112
63.4 112
63.410000000000004 112
63.42 112
63.43 112
63.440000000000005 112
63.45 112
63.46 112
63.47 112
63.480000000000004 111
63.49 111
63.5 111
63.51 111
63.52 111
63.53 111
63.54 111
63.550000000000004 111
63.56 111
63.57 111
63.58 111
63.59 111
63.6 110
63.61 110
63.620000000000005 110
63.63 110
63.64 110
63.65 110
63.660000000000004 110
63.67 110
63.68 110
63.690000000000005 110
63.7 110
63.71 110
63.72 109
63.730000000000004 109
63.74 109
63.75 109
63.76 109
63.77 109
63.78 109
63.79 109
63.800000000000004 109
63.81 109
63.82 109
63.83 109
63.84 108
63.85 108
63.86 108
63.870000000000005 108
63.88 108
63.89 108
63.9 108
63.910000000000004 108
63.92 108
63.93 108
63.940000000000005 108
63.95 108
63.96 107
63.97 107
63.980000000000004 107
63.99 107
64.0 107
64.01 107
64.02 107
64.03 107
64.04 107
64.05 107
64.06 107
64.07000000000001 107
64.08 106
64.09 106
64.1 106
64.11 106
64.12 106
64.13 106
64.14 106
64.15 106
64.16 106
64.17 106
64.18 106
64.19 106
64.2 106
64.21000000000001 105
64.22 105
64.23 105
64.24 105
64.25 105
64.26 105
64.27 105
64.28 105
64.29 105
64.3 105
64.31 105
64.32000000000001 105
64.33 104
64.34 104
64.35 104
64.36 104
64.37 104
64.38 104
64.39 104
64.4 104
64.41 104
64.42 104
64.43 104
64.44 104
64.45 104
64.46000000000001 103
64.47 103
64.48 103
64.49 103
64.5 103
64.51 103
64.52 103
64.53 103
64.54 103
64.55 103
64.56 103
64.57000000000001 103
64.58 103
64.59 102
64.6 102
64.61 102
64.62 102
64.63 102
64.64 102
64.65 102
64.66 102
64.67 102
64.68 102
64.69 102
64.7 102
64.71000000000001 102
64.72 101
64.73 101
64.74 101
64.75 101
64.76 101
64.77 101
64.78 101
64.79 101
64.8 101
64.81 101
64.82000000000001 101
64.83 101
64.84 101
64.85 100
64.86 100
64.87 100
64.88 100
64.89 100
64.9 100
64.91 100
64.92 100
64.93 100
64.94 100
64.95 100
64.96000000000001 100
64.97 100
64.98 99
64.99 99
65.0 99
65.01 99
65.02 99
65.03 99
65.04 99
65.05 99
65.06 99
65.07000000000001 99
65.08 99
65.09 99
65.1 99
65.11 98
65.12 98
65.13 98
65.14 98
65.15 98
65.16 98
65.17 98
65.18 98
65.19 98
65.2 98
65.21000000000001 98
65.22 98
65.23 98
65.24 98
65.25 97
65.26 97
65.27 97
65.28 97
65.29 97
65.3 97
65.31 97
65.32000000000001 97
65.33 97
65.34 97
65.35 97
65.36 97
65.37 97
65.38 96
65.39 96
65.4 96
65.41 96
65.42 96
65.43 96
65.44 96
65.45 96
65.46000000000001 96
65.47 96
65.48 96
65.49 96
65.5 96
65.51 96
65.52 95
65.53 95
65.54 95
65.55 95
65.56 95
65.57000000000001 95
65.58 95
65.59 95
65.6 95
65.61 95
65.62 95
65.63 95
65.64 95
65.65 95
65.66 94
65.67 94
65.68 94
65.69 94
65.7 94
65.71000000000001 94
65.72 94
65.73 94
65.74 94
65.75 94
65.76 94
65.77 94
65.78 94
65.79 94
65.8 93
65.81 93
65.82000000000001 93
65.83 93
65.84 93
65.85 93
65.86 93
65.87 93
65.88 93
65.89 93
65.9 93
65.91 93
65.92 93
65.93 93
65.94 92
65.95 92
65.96000000000001 92
65.97 92
65.98 92
65.99 92
66.0 92
66.01 92
66.02 92
66.03 92
66.04 92
66.05 92
66.06 92
66.07000000000001 92
66.08 91
66.09 91
66.1 91
66.11 91
66.12 91
66.13 91
66.14 91
66.15 91
66.16 91
66.17 91
66.18 91
66.19 91
66.2 91
66.21000000000001 91
66.22 91
66.23 90
66.24 90
66.25 90
66.26 90
66.27 90
66.28 90
66.29 90
66.3 90
66.31 90
66.32000000000001 90
66.33 90
66.34 90
66.35 90
66.36 90
66.37 90
66.38 89
66.39 89
66.4 89
66.41 89
66.42 89
66.43 89
66.44 89
66.45 89
66.46000000000001 89
66.47 89
66.48 89
66.49 89
66.5 89
66.51 89
66.52 88
66.53 88
66.54 88
66.55 88
66.56 88
66.57000000000001 88
66.58 88
66.59 88
66.6 88
66.61 88
66.62 88
66.63 88
66.64 88
66.65 88
66.66 88
66.67 87
66.68 87
66.69 87
66.7 87
66.71000000000001 87
66.72 87
66.73 87
66.74 87
66.75 87
66.76 87
66.77 87
66.78 87
66.79 87
66.8 87
66.81 87
66.82000000000001 86
66.83 86
66.84 86
66.85 86
66.86 86
66.87 86
66.88 86
66.89 86
66.9 86
66.91 86
66.92 86
66.93 86
66.94 86
66.95 86
66.96000000000001 86
66.97 86
66.98 85
66.99 85
67.0 85
67.01 85
67.02 85
67.03 85
67.04 85
67.05 85
67.06 85
67.07000000000001 85
67.08 85
67.09 85
67.1 85
67.11 85
67.12 85
67.13 84
67.14 84
67.15 84
67.16 84
67.17 84
67.18 84
67.19 84
67.2 84
67.21000000000001 84
67.22 84
67.23 84
67.24 84
67.25 84
67.26 84
67.27 84
67.28 84
67.29 83
67.3 83
67.31 83
67.32000000000001 83
67.33 83
67.34 83
67.35 83
67.36 83
67.37 83
67.38 83
67.39 83
67.4 83
67.41 83
67.42 83
67.43 83
67.44 83
67.45 82
67.46000000000001 82
67.47 82
67.48 82
67.49 82
67.5 82
67.51 82
67.52 82
67.53 82
67.54 82
67.55 82
67.56 82
67.57000000000001 82
67.58 82
67.59 82
67.6 82
67.61 81
67.62 81
67.63 81
67.64 81
67.65 81
67.66 81
67.67 81
67.68 81
67.69 81
67.7 81
67.71000000000001 81
67.72 81
67.73 81
67.74 81
67.75 81
67.76 81
67.77 80
67.78 80
67.79 80
67.8 80
67.81 80
67.82000000000001 80
67.83 80
67.84 80
67.85 80
67.86 80
67.87 80
67.88 80
67.89 80
67.9 80
67.91 80
67.92 80
67.93 80
67.94 79
67.95 79
67.96000000000001 79
67.97 79
67.98 79
67.99 79
68.0 79
68.01 79
68.02 79
68.03 79
68.04 79
68.05 79
68.06 79
68.07000000000001 79
68.08 79
68.09 79
68.1 78
68.11 78
68.12 78
68.13 78
68.14 78
68.15 78
68.16 78
68.17 78
68.18 78
68.19 78
68.2 78
68.21000000000001 78
68.22 78
68.23 78
68.24 78
68.25 78
68.26 78
68.27 77
68.28 77
68.29 77
68.3 77
68.31 77
68.32000000000001 77
68.33 77
68.34 77
68.35000000000001 77
68.36 77
68.37 77
68.38 77
68.39 77
68.4 77
68.41 77
68.42 77
68.43 77
68.44 76
68.45 76
68.46000000000001 76
68.47 76
68.48 76
68.49 76
68.5 76
68.51 76
68.52 76
68.53 76
68.54 76
68.55 76
68.56 76
68.57000000000001 76
68.58 76
68.59 76
68.60000000000001 76
68.61 75
68.62 75
68.63 75
68.64 75
68.65 75
68.66 75
68.67 75
68.68 75
68.69 75
68.7 75
68.71000000000001 75
68.72 75
68.73 75
68.74 75
68.75 75
68.76 75
68.77 75
68.78 75
68.79 74
68.8 74
68.81 74
68.82000000000001 74
68.83 74
68.84 74
68.85000000000001 74
68.86 74
68.87 74
68.88 74
68.89 74
68.9 74
68.91 74
68.92 74
68.93 74
68.94 74
68.95 74
68.96000000000001 74
68.97 73
68.98 73
68.99 73
69.0 73
69.01 73
69.02 73
69.03 73
69.04 73
69.05 73
69.06 73
69.07000000000001 73
69.08 73
69.09 73
69.10000000000001 73
69.11 73
69.12 73
69.13 73
69.14 73
69.15 72
69.16 72
69.17 72
69.18 72
69.19 72
69.2 72
69.21000000000001 72
69.22 72
69.23 72
69.24 72
69.25 72
69.26 72
69.27 72
69.28 72
69.29 72
69.3 72
69.31 72
69.32000000000001 72
69.33 71
69.34 71
69.35000000000001 71
69.36 71
69.37 71
69.38 71
69.39 71
69.4 71
69.41 71
69.42 71
69.43 71
69.44 71
69.45 71
69.46000000000001 71
69.47 71
69.48 71
69.49 71
69.5 71
69.51 71
69.52 70
69.53 70
69.54 70
69.55 70
69.56 70
69.57000000000001 70
69.58 70
69.59 70
69.60000000000001 70
69.61 70
69.62 70
69.63 70
69.64 70
69.65 70
69.66 70
69.67 70
69.68 70
69.69 70
69.7 69
69.71000000000001 69
69.72 69
69.73 69
69.74 69
69.75 69
69.76 69
69.77 69
69.78 69
69.79 69
69.8 69
69.81 69
69.82000000000001 69
69.83 69
69.84 69
69.85000000000001 69
69.86 69
69.87 69
69.88 69
69.89 69
69.9 68
69.91 68
69.92 68
69.93 68
69.94 68
69.95 68
69.96000000000001 68
69.97 68
69.98 68
69.99 68
70.0 68
70.01 68
70.02 68
70.03 68
70.04 68
70.05 68
70.06 68
70.07000000000001 68
70.08 68
70.09 67
70.10000000000001 67
70.11 67
70.12 67
70.13 67
70.14 67
70.15 67
70.16 67
70.17 67
70.18 67
70.19 67
70.2 67
70.21000000000001 67
70.22 67
70.23 67
70.24 67
70.25 67
70.26 67
70.27 67
70.28 67
70.29 66
70.3 66
70.31 66
70.32000000000001 66
70.33 66
70.34 66
70.35000000000001 66
70.36 66
70.37 66
70.38 66
70.39 66
70.4 66
70.41 66
70.42 66
70.43 66
70.44 66
70.45 66
70.46000000000001 66
70.47 66
70.48 65
70.49 65
70.5 65
70.51 65
70.52 65
70.53 65
70.54 65
70.55 65
70.56 65
70.57000000000001 65
70.58 65
70.59 65
70.60000000000001 65
70.61 65
70.62 65
70.63 65
70.64 65
70.65 65
70.66 65
70.67 65
70.68 65
70.69 64
70.7 64
70.71000000000001 64
70.72 64
70.73 64
70.74 64
70.75 64
70.76 64
70.77 64
70.78 64
70.79 64
70.8 64
70.81 64
70.82000000000001 64
70.83 64
70.84 64
70.85000000000001 64
70.86 64
70.87 64
70.88 64
70.89 63
70.9 63
70.91 63
70.92 63
70.93 63
70.94 63
70.95 63
70.96000000000001 63
70.97 63
70.98 63
70.99 63
71.0 63
71.01 63
71.02 63
71.03 63
71.04 63
71.05 63
71.06 63
71.07000000000001 63
71.08 63
71.09 63
71.10000000000001 62
71.11 62
71.12 62
71.13 62
71.14 62
71.15 62
71.16 62
71.17 62
71.18 62
71.19 62
71.2 62
71.21000000000001 62
71.22 62
71.23 62
71.24 62
71.25 62
71.26 62
71.27 62
71.28 62
71.29 62
71.3 62
71.31 61
71.32000000000001 61
71.33 61
71.34 61
71.35000000000001 61
71.36 61
71.37 61
71.38 61
71.39 61
71.4 61
71.41 61
71.42 61
71.43 61
71.44 61
71.45 61
71.46000000000001 61
71.47 61
71.48 61
71.49 61
71.5 61
71.51 61
71.52 61
71.53 60
71.54 60
71.55 60
71.56 60
71.57000000000001 60
71.58 60
71.59 60
71.60000000000001 60
71.61 60
71.62 60
71.63 60
71.64 60
71.65 60
71.66 60
71.67 60
71.68 60
71.69 60
71.7 60
71.71000000000001 60
71.72 60
71.73 60
71.74 60
71.75 59
71.76 59
71.77 59
71.78 59
71.79 59
71.8 59
71.81 59
71.82000000000001 59
71.83 59
71.84 59
71.85000000000001 59
71.86 59
71.87 59
71.88 59
71.89 59
71.9 59
71.91 59
71.92 59
71.93 59
71.94 59
71.95 59
71.96000000000001 59
71.97 58
71.98 58
71.99 58
72.0 58
72.01 58
72.02 58
72.03 58
72.04 58
72.05 58
72.06 58
72.07000000000001 58
72.08 58
72.09 58
72.10000000000001 58
72.11 58
72.12 58
72.13 58
72.14 58
72.15 58
72.16 58
72.17 58
72.18 58
72.19 58
72.2 57
72.21000000000001 57
72.22 57
72.23 57
72.24 57
72.25 57
72.26 57
72.27 57
72.28 57
72.29 57
72.3 57
72.31 57
72.32000000000001 57
72.33 57
72.34 57
72.35000000000001 57
72.36 57
72.37 57
72.38 57
72.39 57
72.4 57
72.41 57
72.42 57
72.43 56
72.44 56
72.45 56
72.46000000000001 56
72.47 56
72.48 56
72.49 56
72.5 56
72.51 56
72.52 56
72.53 56
72.54 56
72.55 56
72.56 56
72.57000000000001 56
72.58 56
72.59 56
72.60000000000001 56
72.61 56
72.62 56
72.63 56
72.64 56
72.65 56
72.66 56
72.67 55
72.68 55
72.69 55
72.7 55
72.71000000000001 55
72.72 55
72.73 55
72.74 55
72.75 55
72.76 55
72.77 55
72.78 55
72.79 55
72.8 55
72.81 55
72.82000000000001 55
72.83 55
72.84 55
72.85000000000001 55
72.86 55
72.87 55
72.88 55
72.89 55
72.9 54
72.91 54
72.92 54
72.93 54
72.94 54
72.95 54
72.96000000000001 54
72.97 54
72.98 54
72.99 54
73.0 54
73.01 54
73.02 54
73.03 54
73.04 54
73.05 54
73.06 54
73.07000000000001 54
73.08 54
73.09 54
73.10000000000001 54
73.11 54
73.12 54
73.13 54
73.14 54
73.15 53
73.16 53
73.17 53
73.18 53
73.19 53
73.2 53
73.21000000000001 53
73.22 53
73.23 53
73.24 53
73.25 53
73.26 53
73.27 53
73.28 53
73.29 53
73.3 53
73.31 53
73.32000000000001 53
73.33 53
73.34 53
73.35000000000001 53
73.36 53
73.37 53
73.38 53
73.39 53
73.4 52
73.41 52
73.42 52
73.43 52
73.44 52
73.45 52
73.46000000000001 52
73.47 52
73.48 52
73.49 52
73.5 52
73.51 52
73.52 52
73.53 52
73.54 52
73.55 52
73.56 52
73.57000000000001 52
73.58 52
73.59 52
73.60000000000001 52
73.61 52
73.62 52
73.63 52
73.64 52
73.65 51
73.66 51
73.67 51
73.68 51
73.69 51
73.7 51
73.71000000000001 51
73.72 51
73.73 51
73.74 51
73.75 51
73.76 51
73.77 51
73.78 51
73.79 51
73.8 51
73.81 51
73.82000000000001 51
73.83 51
73.84 51
73.85000000000001 51
73.86 51
73.87 51
73.88 51
73.89 51
73.9 51
73.91 50
73.92 50
73.93 50
73.94 50
73.95 50
73.96000000000001 50
73.97 50
73.98 50
73.99 50
74.0 50
74.01 50
74.02 50
74.03 50
74.04 50
74.05 50
74.06 50
74.07000000000001 50
74.08 50
74.09 50
74.10000000000001 50
74.11 50
74.12 50
74.13 50
74.14 50
74.15 50
74.16 50
74.17 49
74.18 49
74.19 49
74.2 49
74.21000000000001 49
74.22 49
74.23 49
74.24 49
74.25 49
74.26 49
74.27 49
74.28 49
74.29 49
74.3 49
74.31 49
74.32000000000001 49
74.33 49
74.34 49
74.35000000000001 49
74.36 49
74.37 49
74.38 49
74.39 49
74.4 49
74.41 49
74.42 49
74.43 49
74.44 48
74.45 48
74.46000000000001 48
74.47 48
74.48 48
74.49 48
74.5 48
74.51 48
74.52 48
74.53 48
74.54 48
74.55 48
74.56 48
74.57000000000001 48
74.58 48
74.59 48
74.60000000000001 48
74.61 48
74.62 48
74.63 48
74.64 48
74.65 48
74.66 48
74.67 48
74.68 48
74.69 48
74.7 48
74.71000000000001 47
74.72 47
74.73 47
74.74 47
74.75 47
74.76 47
74.77 47
74.78 47
74.79 47
74.8 47
74.81 47
74.82000000000001 47
74.83 47
74.84 47
74.85000000000001 47
74.86 47
74.87 47
74.88 47
74.89 47
74.9 47
74.91 47
74.92 47
74.93 47
74.94 47
74.95 47
74.96000000000001 47
74.97 47
74.98 47
74.99 46
75.0 46
75.01 46
75.02 46
75.03 46
75.04 46
75.05 46
75.06 46
75.07000000000001 46
75.08 46
75.09 46
75.10000000000001 46
75.11 46
75.12 46
75.13 46
75.14 46
75.15 46
75.16 46
75.17 46
75.18 46
75.19 46
75.2 46
75.21000000000001 46
75.22 46
75.23 46
75.24 46
75.25 46
75.26 46
75.27 46
75.28 45
75.29 45
75.3 45
75.31 45
75.32000000000001 45
75.33 45
75.34 45
75.35000000000001 45
75.36 45
75.37 45
75.38 45
75.39 45
75.4 45
75.41 45
75.42 45
75.43 45
75.44 45
75.45 45
75.46000000000001 45
75.47 45
75.48 45
75.49 45
75.5 45
75.51 45
75.52 45
75.53 45
75.54 45
75.55 45
75.56 45
75.57000000000001 44
75.58 44
75.59 44
75.60000000000001 44
75.61 44
75.62 44
75.63 44
75.64 44
75.65 44
75.66 44
75.67 44
75.68 44
75.69 44
75.7 44
75.71000000000001 44
75.72 44
75.73 44
75.74 44
75.75 44
75.76 44
75.77 44
75.78 44
75.79 44
75.8 44
75.81 44
75.82000000000001 44
75.83 44
75.84 44
75.85000000000001 44
75.86 44
75.87 43
75.88 43
75.89 43
75.9 43
75.91 43
75.92 43
75.93 43
75.94 43
75.95 43
75.96000000000001 43
75.97 43
75.98 43
75.99 43
76.0 43
76.01 43
76.02 43
76.03 43
76.04 43
76.05 43
76.06 43
76.07000000000001 43
76.08 43
76.09 43
76.10000000000001 43
76.11 43
76.12 43
76.13 43
76.14 43
76.15 43
76.16 43
76.17 43
76.18 42
76.19 42
76.2 42
76.21000000000001 42
76.22 42
76.23 42
76.24 42
76.25 42
76.26 42
76.27 42
76.28 42
76.29 42
76.3 42
76.31 42
76.32000000000001 42
76.33 42
76.34 42
76.35000000000001 42
76.36 42
76.37 42
76.38 42
76.39 42
76.4 42
76.41 42
76.42 42
76.43 42
76.44 42
76.45 42
76.46000000000001 42
76.47 42
76.48 42
76.49 41
76.5 41
76.51 41
76.52 41
76.53 41
76.54 41
76.55 41
76.56 41
76.57000000000001 41
76.58 41
76.59 41
76.60000000000001 41
76.61 41
76.62 41
76.63 41
76.64 41
76.65 41
76.66 41
76.67 41
76.68 41
76.69 41
76.7 41
76.71000000000001 41
76.72 41
76.73 41
76.74 41
76.75 41
76.76 41
76.77 41
76.78 41
76.79 41
76.8 41
76.81 40
76.82000000000001 40
76.83 40
76.84 40
76.85000000000001 40
76.86 40
76.87 40
76.88 40
76.89 40
76.9 40
76.91 40
76.92 40
76.93 40
76.94 40
76.95 40
76.96000000000001 40
76.97 40
76.98 40
76.99 40
77.0 40
77.01 40
77.02 40
77.03 40
77.04 40
77.05 40
77.06 40
77.07000000000001 40
77.08 40
77.09 40
77.10000000000001 40
77.11 40
77.12 40
77.13 40
77.14 39
77.15 39
77.16 39
77.17 39
77.18 39
77.19 39
77.2 39
77.21000000000001 39
77.22 39
77.23 39
77.24 39
77.25 39
77.26 39
77.27 39
77.28 39
77.29 39
77.3 39
77.31 39
77.32000000000001 39
77.33 39
77.34 39
77.35000000000001 39
77.36 39
77.37 39
77.38 39
77.39 39
77.4 39
77.41 39
77.42 39
77.43 39
77.44 39
77.45 39
77.46000000000001 39
77.47 39
77.48 38
77.49 38
77.5 38
77.51 38
77.52 38
77.53 38
77.54 38
77.55 38
77.56 38
77.57000000000001 38
77.58 38
77.59 38
77.60000000000001 38
77.61 38
77.62 38
77.63 38
77.64 38
77.65 38
77.66 38
77.67 38
77.68 38
77.69 38
77.7 38
77.71000000000001 38
77.72 38
77.73 38
77.74 38
77.75 38
77.76 38
77.77 38
77.78 38
77.79 38
77.8 38
77.81 38
77.82000000000001 37
77.83 37
77.84 37
77.85000000000001 37
77.86 37
77.87 37
77.88 37
77.89 37
77.9 37
77.91 37
77.92 37
77.93 37
77.94 37
77.95 37
77.96000000000001 37
77.97 37
77.98 37
77.99 37
78.0 37
78.01 37
78.02 37
78.03 37
78.04 37
78.05 37
78.06 37
78.07000000000001 37
78.08 37
78.09 37
78.10000000000001 37
78.11 37
78.12 37
78.13 37
78.14 37
78.15 37
78.16 37
78.17 37
78.18 36
78.19 36
78.2 36
78.21000000000001 36
78.22 36
78.23 36
78.24 36
78.25 36
78.26 36
78.27 36
78.28 36
78.29 36
78.3 36
78.31 36
78.32000000000001 36
78.33 36
78.34 36
78.35000000000001 36
78.36 36
78.37 36
78.38 36
78.39 36
78.4 36
78.41 36
78.42 36
78.43 36
78.44 36
78.45 36
78.46000000000001 36
78.47 36
78.48 36
78.49 36
78.5 36
78.51 36
78.52 36
78.53 36
78.54 36
78.55 35
78.56 35
78.57000000000001 35
78.58 35
78.59 35
78.60000000000001 35
78.61 35
78.62 35
78.63 35
78.64 35
78.65 35
78.66 35
78.67 35
78.68 35
78.69 35
78.7 35
78.71000000000001 35
78.72 35
78.73 35
78.74 35
78.75 35
78.76 35
78.77 35
78.78 35
78.79 35
78.8 35
78.81 35
78.82000000000001 35
78.83 35
78.84 35
78.85000000000001 35
78.86 35
78.87 35
78.88 35
78.89 35
78.9 35
78.91 35
78.92 34
78.93 34
78.94 34
78.95 34
78.96000000000001 34
78.97 34
78.98 34
78.99 34
79.0 34
79.01 34
79.02 34
79.03 34
79.04 34
79.05 34
79.06 34
79.07000000000001 34
79.08 34
79.09 34
79.10000000000001 34
79.11 34
79.12 34
79.13 34
79.14 34
79.15 34
79.16 34
79.17 34
79.18 34
79.19 34
79.2 34
79.21000000000001 34
79.22 34
79.23 34
79.24 34
79.25 34
79.26 34
79.27 34
79.28 34
79.29 34
79.3 34
79.31 33
79.32000000000001 33
79.33 33
79.34 33
79.35000000000001 33
79.36 33
79.37 33
79.38 33
79.39 33
79.4 33
79.41 33
79.42 33
79.43 33
79.44 33
79.45 33
79.46000000000001 33
79.47 33
79.48 33
79.49 33
79.5 33
79.51 33
79.52 33
79.53 33
79.54 33
79.55 33
79.56 33
79.57000000000001 33
79.58 33
79.59 33
79.60000000000001 33
79.61 33
79.62 33
79.63 33
79.64 33
79.65 33
79.66 33
79.67 33
79.68 33
79.69 33
79.7 33
79.71000000000001 32
79.72 32
79.73 32
79.74 32
79.75 32
79.76 32
79.77 32
79.78 32
79.79 32
79.8 32
79.81 32
79.82000000000001 32
79.83 32
79.84 32
79.85000000000001 32
79.86 32
79.87 32
79.88 32
79.89 32
79.9 32
79.91 32
79.92 32
79.93 32
79.94 32
79.95 32
79.96000000000001 32
79.97 32
79.98 32
79.99 32
80.0 32
80.01 32
80.02 32
80.03 32
80.04 32
80.05 32
80.06 32
80.07000000000001 32
80.08 32
80.09 32
80.10000000000001 32
80.11 32
80.12 31
80.13 31
80.14 31
80.15 31
80.16 31
80.17 31
80.18 31
80.19 31
80.2 31
80.21000000000001 31
80.22 31
80.23 31
80.24 31
80.25 31
80.26 31
80.27 31
80.28 31
80.29 31
80.3 31
80.31 31
80.32000000000001 31
80.33 31
80.34 31
80.35000000000001 31
80.36 31
80.37 31
80.38 31
80.39 31
80.4 31
80.41 31
80.42 31
80.43 31
80.44 31
80.45 31
80.46000000000001 31
80.47 31
80.48 31
80.49 31
80.5 31
80.51 31
80.52 31
80.53 31
80.54 30
80.55 30
80.56 30
80.57000000000001 30
80.58 30
80.59 30
80.60000000000001 30
80.61 30
80.62 30
80.63 30
80.64 30
80.65 30
80.66 30
80.67 30
80.68 30
80.69 30
80.7 30
80.71000000000001 30
80.72 30
80.73 30
80.74 30
80.75 30
80.76 30
80.77 30
80.78 30
80.79 30
80.8 30
80.81 30
80.82000000000001 30
80.83 30
80.84 30
80.85000000000001 30
80.86 30
80.87 30
80.88 30
80.89 30
80.9 30
80.91 30
80.92 30
80.93 30
80.94 30
80.95 30
80.96000000000001 30
80.97 30
80.98 29
80.99 29
81.0 29
81.01 29
81.02 29
81.03 29
81.04 29
81.05 29
81.06 29
81.07000000000001 29
81.08 29
81.09 29
81.10000000000001 29
81.11 29
81.12 29
81.13 29
81.14 29
81.15 29
81.16 29
81.17 29
81.18 29
81.19 29
81.2 29
81.21000000000001 29
81.22 29
81.23 29
81.24 29
81.25 29
81.26 29
81.27 29
81.28 29
81.29 29
81.3 29
81.31 29
81.32000000000001 29
81.33 29
81.34 29
81.35000000000001 29
81.36 29
81.37 29
81.38 29
81.39 29
81.4 29
81.41 29
81.42 29
81.43 28
81.44 28
81.45 28
81.46000000000001 28
81.47 28
81.48 28
81.49 28
81.5 28
81.51 28
81.52 28
81.53 28
81.54 28
81.55 28
81.56 28
81.57000000000001 28
81.58 28
81.59 28
81.60000000000001 28
81.61 28
81.62 28
81.63 28
81.64 28
81.65 28
81.66 28
81.67 28
81.68 28
81.69 28
81.7 28
81.71000000000001 28
81.72 28
81.73 28
81.74 28
81.75 28
81.76 28
81.77 28
81.78 28
81.79 28
81.8 28
81.81 28
81.82000000000001 28
81.83 28
81.84 28
81.85000000000001 28
81.86 28
81.87 28
81.88 28
81.89 28
81.9 27
81.91 27
81.92 27
81.93 27
81.94 27
81.95 27
81.96000000000001 27
81.97 27
81.98 27
81.99 27
82.0 27
82.01 27
82.02 27
82.03 27
82.04 27
82.05 27
82.06 27
82.07000000000001 27
82.08 27
82.09 27
82.10000000000001 27
82.11 27
82.12 27
82.13 27
82.14 27
82.15 27
82.16 27
82.17 27
82.18 27
82.19 27
82.2 27
82.21000000000001 27
82.22 27
82.23 27
82.24 27
82.25 27
82.26 27
82.27 27
82.28 27
82.29 27
82.3 27
82.31 27
82.32000000000001 27
82.33 27
82.34 27
82.35000000000001 27
82.36 27
82.37 27
82.38 27
82.39 26
82.4 26
82.41 26
82.42 26
82.43 26
82.44 26
82.45 26
82.46000000000001 26
82.47 26
82.48 26
82.49 26
82.5 26
82.51 26
82.52 26
82.53 26
82.54 26
82.55 26
82.56 26
82.57000000000001 26
82.58 26
82.59 26
82.60000000000001 26
82.61 26
82.62 26
82.63 26
82.64 26
82.65 26
82.66 26
82.67 26
82.68 26
82.69 26
82.7 26
82.71000000000001 26
82.72 26
82.73 26
82.74 26
82.75 26
82.76 26
82.77 26
82.78 26
82.79 26
82.8 26
82.81 26
82.82000000000001 26
82.83 26
82.84 26
82.85000000000001 26
82.86 26
82.87 26
82.88 26
82.89 26
82.9 25
82.91 25
82.92 25
82.93 25
82.94 25
82.95 25
82.96000000000001 25
82.97 25
82.98 25
82.99 25
83.0 25
83.01 25
83.02 25
83.03 25
83.04 25
83.05 25
83.06 25
83.07000000000001 25
83.08 25
83.09 25
83.10000000000001 25
83.11 25
83.12 25
83.13 25
83.14 25
83.15 25
83.16 25
83.17 25
83.18 25
83.19 25
83.2 25
83.21000000000001 25
83.22 25
83.23 25
83.24 25
83.25 25
83.26 25
83.27 25
83.28 25
83.29 25
83.3 25
83.31 25
83.32000000000001 25
83.33 25
83.34 25
83.35000000000001 25
83.36 25
83.37 25
83.38 25
83.39 25
83.4 25
83.41 25
83.42 24
83.43 24
83.44 24
83.45 24
83.46000000000001 24
83.47 24
83.48 24
83.49 24
83.5 24
83.51 24
83.52 24
83.53 24
83.54 24
83.55 24
83.56 24
83.57000000000001 24
83.58 24
83.59 24
83.60000000000001 24
83.61 24
83.62 24
83.63 24
83.64 24
83.65 24
83.66 24
83.67 24
83.68 24
83.69 24
83.7 24
83.71000000000001 24
83.72 24
83.73 24
83.74 24
83.75 24
83.76 24
83.77 24
83.78 24
83.79 24
83.8 24
83.81 24
83.82000000000001 24
83.83 24
83.84 24
83.85000000000001 24
83.86 24
83.87 24
83.88 24
83.89 24
83.9 24
83.91 24
83.92 24
83.93 24
83.94 24
83.95 24
83.96000000000001 24
83.97 23
83.98 23
83.99 23
84.0 23
84.01 23
84.02 23
84.03 23
84.04 23
84.05 23
84.06 23
84.07000000000001 23
84.08 23
84.09 23
84.10000000000001 23
84.11 23
84.12 23
84.13 23
84.14 23
84.15 23
84.16 23
84.17 23
84.18 23
84.19 23
84.2 23
84.21000000000001 23
84.22 23
84.23 23
84.24 23
84.25 23
84.26 23
84.27 23
84.28 23
84.29 23
84.3 23
84.31 23
84.32000000000001 23
84.33 23
84.34 23
84.35000000000001 23
84.36 23
84.37 23
84.38 23
84.39 23
84.4 23
84.41 23
84.42 23
84.43 23
84.44 23
84.45 23
84.46000000000001 23
84.47 23
84.48 23
84.49 23
84.5 23
84.51 23
84.52 23
84.53 23
84.54 22
84.55 22
84.56 22
84.57000000000001 22
84.58 22
84.59 22
84.60000000000001 22
84.61 22
84.62 22
84.63 22
84.64 22
84.65 22
84.66 22
84.67 22
84.68 22
84.69 22
84.7 22
84.71000000000001 22
84.72 22
84.73 22
84.74 22
84.75 22
84.76 22
84.77 22
84.78 22
84.79 22
84.8 22
84.81 22
84.82000000000001 22
84.83 22
84.84 22
84.85000000000001 22
84.86 22
84.87 22
84.88 22
84.89 22
84.9 22
84.91 22
84.92 22
84.93 22
84.94 22
84.95 22
84.96000000000001 22
84.97 22
84.98 22
84.99 22
