-100 0.0
-98 0.0
-96 0.0
-94 0.0
-92 0.0
-90 0.0
-88 0.0
-86 0.0
-84 0.0
-82 0.0
-80 0.0
-78 0.0
-76 0.0
-74 0.0
-72 0.0
-70 0.0
-68 0.0
-66 0.0
-64 0.0
-62 0.0
-60 0.0
-58 0.0
-56 0.0
-54 0.0
-52 0.0
-50 0.0
-48 1.5625e-05
-46 3.90625e-05
-44 4.6875e-05
-42 0.000109375
-40 0.00028125
-38 0.000296875
-36 0.0005546875
-34 0.0008828125
-32 0.0015078125
-30 0.0019765625
-28 0.0030703125
-26 0.0040859375
-24 0.0059609375
-22 0.00734375
-20 0.0099453125
-18 0.01265625
-16 0.0154375
-14 0.018421875
-12 0.0217109375
-10 0.0247421875
-8 0.02775
-6 0.0295859375
-4 0.0308515625
-2 0.0315078125
0 0.0321171875
2 0.031265625
4 0.029515625
6 0.0278203125
8 0.0246953125
10 0.0221328125
12 0.01884375
14 0.0150859375
16 0.013015625
18 0.0099375
20 0.008
22 0.005859375
24 0.0043984375
26 0.0031328125
28 0.001890625
30 0.001421875
32 0.0008984375
34 0.0005234375
36 0.000296875
38 0.00015625
40 0.000109375
42 7.03125e-05
44 2.34375e-05
46 7.8125e-06
48 7.8125e-06
50 0.0
52 0.0
54 0.0
56 0.0
58 0.0
60 0.0
62 0.0
64 0.0
66 0.0
68 0.0
70 0.0
72 0.0
74 0.0
76 0.0
78 0.0
80 0.0
82 0.0
84 0.0
86 0.0
88 0.0
90 0.0
92 0.0
94 0.0
96 0.0
98 0.0
100 0.0


-100 0.0
-98 0.0
-96 0.0
-94 0.0
-92 0.0
-90 0.0
-88 0.0
-86 0.0
-84 0.0
-82 0.0
-80 0.0
-78 0.0
-76 0.0
-74 0.0
-72 0.0
-70 7.8125e-06
-68 7.8125e-06
-66 2.34375e-05
-64 7.8125e-06
-62 3.90625e-05
-60 9.375e-05
-58 0.0001171875
-56 0.0001640625
-54 0.0002109375
-52 0.0003046875
-50 0.0003984375
-48 0.000578125
-46 0.0008046875
-44 0.001109375
-42 0.0016328125
-40 0.002140625
-38 0.0027734375
-36 0.00378125
-34 0.004578125
-32 0.0061640625
-30 0.0078125
-28 0.0096015625
-26 0.0122421875
-24 0.0156015625
-22 0.01803125
-20 0.023375
-18 0.026984375
-16 0.03125
-14 0.03521875
-12 0.039875
-10 0.04425
-8 0.048921875
-6 0.05125
-4 0.053484375
-2 0.0542734375
0 0.055265625
2 0.0541875
4 0.0513515625
6 0.048546875
8 0.045140625
10 0.0409453125
12 0.0367109375
14 0.0309765625
16 0.0272421875
18 0.0226796875
20 0.0194765625
22 0.0155234375
24 0.01265625
26 0.0099140625
28 0.0078828125
30 0.00603125
32 0.0045
34 0.0032890625
36 0.0029765625
38 0.0021171875
40 0.001625
42 0.001109375
44 0.0008359375
46 0.0006015625
48 0.0004921875
50 0.00021875
52 0.0002109375
54 0.000140625
56 9.375e-05
58 6.25e-05
60 1.5625e-05
62 5.46875e-05
64 7.8125e-06
66 7.8125e-06
68 0.0
70 7.8125e-06
72 0.0
74 0.0
76 0.0
78 0.0
80 7.8125e-06
82 0.0
84 0.0
86 0.0
88 0.0
90 0.0
92 0.0
94 0.0
96 0.0
98 0.0
100 0.0


-100 0.0
-98 7.8125e-06
-96 0.0
-94 0.0
-92 0.0
-90 0.0
-88 0.0
-86 1.5625e-05
-84 7.8125e-06
-82 1.5625e-05
-80 2.34375e-05
-78 3.90625e-05
-76 1.5625e-05
-74 3.90625e-05
-72 6.25e-05
-70 6.25e-05
-68 0.0001328125
-66 0.00015625
-64 0.0003046875
-62 0.0003828125
-60 0.00059375
-58 0.0007109375
-56 0.0008203125
-54 0.0011171875
-52 0.0013046875
-50 0.0015625
-48 0.002234375
-46 0.0028046875
-44 0.0037421875
-42 0.0049140625
-40 0.00565625
-38 0.0068671875
-36 0.0086328125
-34 0.009859375
-32 0.0130078125
-30 0.01484375
-28 0.0173671875
-26 0.0216640625
-24 0.0258984375
-22 0.0291640625
-20 0.036203125
-18 0.0405859375
-16 0.0453828125
-14 0.050671875
-12 0.0560625
-10 0.061265625
-8 0.0665703125
-6 0.0697109375
-4 0.071953125
-2 0.073359375
0 0.073546875
2 0.0726328125
4 0.0703046875
6 0.0663125
8 0.062546875
10 0.0573984375
12 0.052578125
14 0.045875
16 0.0409609375
18 0.03571875
20 0.03121875
22 0.0262734375
24 0.0217421875
26 0.0180625
28 0.0150859375
30 0.0125234375
32 0.0103046875
34 0.0081875
36 0.007046875
38 0.00559375
40 0.00425
42 0.003328125
44 0.00303125
46 0.00234375
48 0.001875
50 0.001234375
52 0.0009921875
54 0.000765625
56 0.0006796875
58 0.00053125
60 0.0003125
62 0.000265625
64 0.0001640625
66 0.0002109375
68 7.03125e-05
70 7.03125e-05
72 6.25e-05
74 3.90625e-05
76 2.34375e-05
78 7.8125e-06
80 1.5625e-05
82 0.0
84 7.8125e-06
86 0.0
88 7.8125e-06
90 7.8125e-06
92 0.0
94 0.0
96 0.0
98 7.8125e-06
100 0.0


-100 0.0
-98 7.8125e-06
-96 2.34375e-05
-94 3.90625e-05
-92 1.5625e-05
-90 0.0
-88 5.46875e-05
-86 4.6875e-05
-84 5.46875e-05
-82 7.03125e-05
-80 0.000109375
-78 0.0001328125
-76 0.000140625
-74 0.0002265625
-72 0.000359375
-70 0.000375
-68 0.000609375
-66 0.000640625
-64 0.0009140625
-62 0.0011328125
-60 0.00146875
-58 0.0017890625
-56 0.0021171875
-54 0.002734375
-52 0.0034296875
-50 0.0038203125
-48 0.0047265625
-46 0.0058828125
-44 0.007203125
-42 0.00871875
-40 0.010125
-38 0.0122578125
-36 0.0143984375
-34 0.01634375
-32 0.019609375
-30 0.023203125
-28 0.026421875
-26 0.03125
-24 0.036203125
-22 0.0404765625
-20 0.048171875
-18 0.05309375
-16 0.0590859375
-14 0.0641796875
-12 0.070484375
-10 0.07609375
-8 0.0825234375
-6 0.0854375
-4 0.0883828125
-2 0.0891875
0 0.0901875
2 0.0893125
4 0.08603125
6 0.08228125
8 0.0774375
10 0.0727265625
12 0.0669453125
14 0.0596171875
16 0.05353125
18 0.0483046875
20 0.0423984375
22 0.0369453125
24 0.0317421875
26 0.0270546875
28 0.0233203125
30 0.01940625
32 0.01653125
34 0.0141875
36 0.0124375
38 0.010046875
40 0.0080390625
42 0.0065703125
44 0.00634375
46 0.00478125
48 0.00403125
50 0.00315625
52 0.0025234375
54 0.0020546875
56 0.0018125
58 0.00146875
60 0.0011015625
62 0.000890625
64 0.0006328125
66 0.0006328125
68 0.0004921875
70 0.000265625
72 0.000265625
74 0.00015625
76 0.000171875
78 0.000109375
80 6.25e-05
82 6.25e-05
84 4.6875e-05
86 7.8125e-06
88 3.125e-05
90 7.8125e-06
92 3.125e-05
94 7.8125e-06
96 0.0
98 7.8125e-06
100 0.0


