0 -100 0
0 -98 0.0
0 -96 0.0
0 -94 0.0
0 -92 0.0
0 -90 0.0
0 -88 0.0
0 -86 0.0
0 -84 0.0
0 -82 0.0
0 -80 0.0
0 -78 0.0
0 -76 0.0
0 -74 0.0
0 -72 0.0
0 -70 0.0
0 -68 0.0
0 -66 0.0
0 -64 0.0
0 -62 0.0
0 -60 0.0
0 -58 0.0
0 -56 0.0
0 -54 0.0
0 -52 0.0
0 -50 0.0
0 -48 0.0
0 -46 0.0
0 -44 0.0
0 -42 0.0
0 -40 0.0
0 -38 0.0
0 -36 0.0
0 -34 0.0
0 -32 0.0
0 -30 0.0
0 -28 0.0
0 -26 0.0
0 -24 0.0
0 -22 0.0
0 -20 0.0
0 -18 0.0
0 -16 0.0
0 -14 0.0
0 -12 0.0
0 -10 0.0
0 -8 0.0
0 -6 0.0
0 -4 0.0
0 -2 0.0
0 0 0.0
0 2 0.5
0 4 0.0
0 6 0.0
0 8 0.0
0 10 0.0
0 12 0.0
0 14 0.0
0 16 0.0
0 18 0.0
0 20 0.0
0 22 0.0
0 24 0.0
0 26 0.0
0 28 0.0
0 30 0.0
0 32 0.0
0 34 0.0
0 36 0.0
0 38 0.0
0 40 0.0
0 42 0.0
0 44 0.0
0 46 0.0
0 48 0.0
0 50 0.0
0 52 0.0
0 54 0.0
0 56 0.0
0 58 0.0
0 60 0.0
0 62 0.0
0 64 0.0
0 66 0.0
0 68 0.0
0 70 0.0
0 72 0.0
0 74 0.0
0 76 0.0
0 78 0.0
0 80 0.0
0 82 0.0
0 84 0.0
0 86 0.0
0 88 0.0
0 90 0.0
0 92 0.0
0 94 0.0
0 96 0.0
0 98 0.0
0 100 0.0


50.0 -100 0
50.0 -98 2.536406266365802e-15
50.0 -96 8.39217701720282e-15
50.0 -94 2.4940353329451953e-14
50.0 -92 7.224348566189435e-14
50.0 -90 2.0559752479999992e-13
50.0 -88 5.752307219205133e-13
50.0 -86 1.5820336675513325e-12
50.0 -84 4.276079472476518e-12
50.0 -82 1.135621571328616e-11
50.0 -80 2.9626383970656406e-11
50.0 -78 7.590640566316312e-11
50.0 -76 1.9095407791264007e-10
50.0 -74 4.715464925356995e-10
50.0 -72 1.142767611928748e-09
50.0 -70 2.7171921758224687e-09
50.0 -68 6.337259992682871e-09
50.0 -66 1.4494048420463533e-08
50.0 -64 3.249913635199621e-08
50.0 -62 7.142224578243406e-08
50.0 -60 1.538010207257643e-07
50.0 -58 3.2443848738365423e-07
50.0 -56 6.702478317418937e-07
50.0 -54 1.3556576896215438e-06
50.0 -52 2.683844114428261e-06
50.0 -50 5.199214719732892e-06
50.0 -48 9.85307513918557e-06
50.0 -46 1.8261638417424317e-05
50.0 -44 3.309193280760939e-05
50.0 -42 5.861381721834071e-05
50.0 -40 0.00010145072407430977
50.0 -38 0.00017154198965153917
50.0 -36 0.00028328929452500496
50.0 -34 0.0004567939602299619
50.0 -32 0.0007190004962625481
50.0 -30 0.0011044533545117394
50.0 -28 0.001655268919951018
50.0 -26 0.002419857221088384
50.0 -24 0.00344994149338215
50.0 -22 0.004795562767352131
50.0 -20 0.006498049941301791
50.0 -18 0.00858137793337033
50.0 -16 0.0110428718461468
50.0 -14 0.013844732971964967
50.0 -12 0.01690821118120224
50.0 -10 0.02011227024636448
50.0 -8 0.023298175835419963
50.0 -6 0.026280566008789964
50.0 -4 0.028864358134284458
50.0 -2 0.03086554819136177
50.0 0 0.032132889027858456
50.0 2 0.03256690278934182
50.0 4 0.032132889027858456
50.0 6 0.03086554819136177
50.0 8 0.028864358134284458
50.0 10 0.026280566008789964
50.0 12 0.023298175835419963
50.0 14 0.02011227024636448
50.0 16 0.01690821118120224
50.0 18 0.013844732971964967
50.0 20 0.0110428718461468
50.0 22 0.00858137793337033
50.0 24 0.006498049941301791
50.0 26 0.004795562767352131
50.0 28 0.00344994149338215
50.0 30 0.002419857221088384
50.0 32 0.001655268919951018
50.0 34 0.0011044533545117394
50.0 36 0.0007190004962625481
50.0 38 0.0004567939602299619
50.0 40 0.00028328929452500496
50.0 42 0.00017154198965153917
50.0 44 0.00010145072407430977
50.0 46 5.861381721834071e-05
50.0 48 3.309193280760939e-05
50.0 50 1.8261638417424317e-05
50.0 52 9.85307513918557e-06
50.0 54 5.199214719732892e-06
50.0 56 2.683844114428261e-06
50.0 58 1.3556576896215438e-06
50.0 60 6.702478317418937e-07
50.0 62 3.2443848738365423e-07
50.0 64 1.538010207257643e-07
50.0 66 7.142224578243406e-08
50.0 68 3.249913635199617e-08
50.0 70 1.4494048420463404e-08
50.0 72 6.337259992682409e-09
50.0 74 2.717192175820799e-09
50.0 76 1.1427676119227773e-09
50.0 78 4.715464925146262e-10
50.0 80 1.9095407783929898e-10
50.0 82 7.590640541157005e-11
50.0 84 2.9626383120088645e-11
50.0 86 1.1356212879935309e-11
50.0 88 4.276070174380583e-12
50.0 90 1.5820036130605528e-12
50.0 92 5.751350544667558e-13
50.0 94 2.0529769509234599e-13
50.0 96 7.131845719173674e-14
50.0 98 2.2131570566003078e-14
50.0 100 0.0


100.0 -100 0
100.0 -98 1.658314240206893e-09
100.0 -96 3.94471727738608e-09
100.0 -94 7.69309901711328e-09
100.0 -92 1.4204925831297154e-08
100.0 -90 2.5634648299033456e-08
100.0 -88 4.559128834587076e-08
100.0 -86 8.008989306336429e-08
100.0 -84 1.390484769449416e-07
100.0 -82 2.3861470420706245e-07
100.0 -80 4.04728784537193e-07
100.0 -78 6.78492015619451e-07
100.0 -76 1.1241201902484995e-06
100.0 -74 1.8405206518901766e-06
100.0 -72 2.9778379770728543e-06
100.0 -70 4.7606528765957375e-06
100.0 -68 7.519863905624475e-06
100.0 -66 1.1735583946919914e-05
100.0 -64 1.8093570521247793e-05
100.0 -62 2.7557680593148195e-05
100.0 -60 4.146046968049278e-05
100.0 -58 6.161319440648441e-05
100.0 -56 9.043497386172795e-05
100.0 -54 0.0001310985829990456
100.0 -52 0.00018768720755228097
100.0 -50 0.0002653524960715799
100.0 -48 0.00037045955344048963
100.0 -46 0.0005106994693946341
100.0 -44 0.0006951451171208191
100.0 -42 0.0009342220599382824
100.0 -40 0.0012395644171152589
100.0 -38 0.0016237265046874423
100.0 -36 0.002099725977961677
100.0 -34 0.0026804038191128587
100.0 -32 0.0033776011472624206
100.0 -30 0.004201172133625549
100.0 -28 0.00515787511721227
100.0 -26 0.0062502082926574115
100.0 -24 0.007475279231623174
100.0 -22 0.00882381559105983
100.0 -20 0.010279434089956874
100.0 -18 0.01181828302199199
100.0 -16 0.01340915802235368
100.0 -14 0.01501416087756337
100.0 -12 0.016589928164292406
100.0 -10 0.01808940383010239
100.0 -8 0.019464072793227802
100.0 -6 0.02066651790452445
100.0 -4 0.021653117349597906
100.0 -2 0.022386670396472953
100.0 0 0.022838731324661608
100.0 2 0.022991446901375518
100.0 4 0.022838731324661608
100.0 6 0.022386670396472953
100.0 8 0.021653117349597906
100.0 10 0.02066651790452445
100.0 12 0.019464072793227802
100.0 14 0.01808940383010239
100.0 16 0.016589928164292406
100.0 18 0.01501416087756337
100.0 20 0.01340915802235368
100.0 22 0.01181828302199199
100.0 24 0.010279434089956874
100.0 26 0.00882381559105983
100.0 28 0.007475279231623174
100.0 30 0.0062502082926574115
100.0 32 0.00515787511721227
100.0 34 0.004201172133625549
100.0 36 0.0033776011472624206
100.0 38 0.0026804038191128587
100.0 40 0.0020997259779616767
100.0 42 0.0016237265046874412
100.0 44 0.0012395644171152565
100.0 46 0.0009342220599382767
100.0 48 0.0006951451171208053
100.0 50 0.0005106994693946021
100.0 52 0.00037045955344041287
100.0 54 0.0002653524960713983
100.0 56 0.00018768720755185647
100.0 58 0.00013109858299806455
100.0 60 9.043497385948284e-05
100.0 62 6.161319440139805e-05
100.0 64 4.146046966908439e-05
100.0 66 2.7557680567815815e-05
100.0 68 1.8093570465563132e-05
100.0 70 1.1735583825755846e-05
100.0 72 7.519863644672765e-06
100.0 74 4.76065232035368e-06
100.0 76 2.977836803651985e-06
100.0 78 1.8405182022696654e-06
100.0 80 1.1241151300532303e-06
100.0 82 6.784816730748914e-07
100.0 84 4.0470787005471217e-07
100.0 86 2.385728639712649e-07
100.0 88 1.3896567589906535e-07
100.0 90 7.992780935175404e-08
100.0 92 4.527747482072585e-08
100.0 94 2.50337523455104e-08
100.0 96 1.3067066544914983e-08
100.0 98 5.562481374202072e-09
100.0 100 0.0


150.0 -100 0
150.0 -98 1.9943619870823987e-07
150.0 -96 4.3248983913533747e-07
150.0 -94 7.372189674616822e-07
150.0 -92 1.160961042530746e-06
150.0 -90 1.7659810196039495e-06
150.0 -88 2.6363638150135318e-06
150.0 -86 3.8866179461108705e-06
150.0 -84 5.672490982109393e-06
150.0 -82 8.204525717096158e-06
150.0 -80 1.176489856867725e-05
150.0 -78 1.6728066036061303e-05
150.0 -76 2.3585686254930285e-05
150.0 -74 3.297616413686377e-05
150.0 -72 4.571897288114442e-05
150.0 -70 6.285361517668569e-05
150.0 -68 8.568269048351684e-05
150.0 -66 0.00011581802237802376
150.0 -64 0.0001552281729156572
150.0 -62 0.00020628494245599236
150.0 -60 0.00027180565212727527
150.0 -58 0.00035508717900381944
150.0 -56 0.0004599269276418612
150.0 -54 0.0005906252614640848
150.0 -52 0.0007519634852757557
150.0 -50 0.0009491513777186138
150.0 -48 0.001187738632464902
150.0 -46 0.001473485480980858
150.0 -44 0.0018121893136294816
150.0 -42 0.0022094663242900746
150.0 -40 0.0026704900546455626
150.0 -38 0.0031996921169679796
150.0 -36 0.0038004341612213476
150.0 -34 0.004474664079229843
150.0 -32 0.005222573192680348
150.0 -30 0.0060422743899326585
150.0 -28 0.006929523474223933
150.0 -26 0.007877506992718443
150.0 -24 0.00887671921826562
150.0 -22 0.00991494853941794
150.0 -20 0.010977389203364033
150.0 -18 0.012046888242985047
150.0 -16 0.013104329778027694
150.0 -14 0.014129150165229856
150.0 -12 0.015099968291623016
150.0 -10 0.015995306377682896
150.0 -8 0.01679436874918972
150.0 -6 0.01747783989005169
150.0 -4 0.01802865934194189
150.0 -2 0.018432730134806667
150.0 0 0.018679519646864703
150.0 2 0.018762517066516608
150.0 4 0.018679519646864703
150.0 6 0.018432730134806667
150.0 8 0.01802865934194189
150.0 10 0.017477839890051684
150.0 12 0.016794368749189714
150.0 14 0.01599530637768289
150.0 16 0.015099968291623007
150.0 18 0.014129150165229839
150.0 20 0.013104329778027654
150.0 22 0.012046888242984959
150.0 24 0.010977389203363844
150.0 26 0.009914948539417549
150.0 28 0.008876719218264833
150.0 30 0.007877506992716856
150.0 32 0.006929523474220801
150.0 34 0.006042274389926489
150.0 36 0.005222573192668299
150.0 38 0.004474664079206484
150.0 40 0.0038004341611763822
150.0 42 0.0031996921168820414
150.0 44 0.0026704900544825215
150.0 46 0.002209466323983054
150.0 48 0.001812189313055624
150.0 50 0.0014734854799162533
150.0 52 0.0011877386305046745
150.0 54 0.0009491513741364706
150.0 56 0.0007519634787791878
150.0 58 0.0005906252497713983
150.0 60 0.00045992690675760345
150.0 62 0.0003550871419883468
150.0 64 0.0002718055870256118
150.0 66 0.0002062848288423796
150.0 68 0.00015522797618002014
150.0 70 0.00011581768436387023
150.0 72 8.568211428698485e-05
150.0 74 6.285264069219437e-05
150.0 76 4.571733782638849e-05
150.0 78 3.2973442518730045e-05
150.0 80 2.3581192142478716e-05
150.0 82 1.6720704528502093e-05
150.0 84 1.175293723026347e-05
150.0 86 8.185247495901234e-06
150.0 88 5.641672436069302e-06
150.0 90 3.8377528195165825e-06
150.0 92 2.559519607625778e-06
150.0 94 1.6461327354764317e-06
150.0 96 9.755889952884067e-07
150.0 98 4.528832835405983e-07
150.0 100 0.0


200.0 -100 0
200.0 -98 2.1024255413574638e-06
200.0 -96 4.397896535753516e-06
200.0 -94 7.091659798978145e-06
200.0 -92 1.0413690215361944e-05
200.0 -90 1.4631850921400098e-05
200.0 -88 2.0065959881959875e-05
200.0 -86 2.7102981045528606e-05
200.0 -84 3.6213482058890534e-05
200.0 -82 4.7969400719891976e-05
200.0 -80 6.306303710491719e-05
200.0 -78 8.232703655808051e-05
200.0 -76 0.0001067549507460581
200.0 -74 0.00013752176197230325
200.0 -72 0.00017600353461857547
200.0 -70 0.00022379512465525023
200.0 -68 0.00028272464471033887
200.0 -66 0.0003548631627892027
200.0 -64 0.00044252792532792844
200.0 -62 0.0005482772606328
200.0 -60 0.0006748952596408712
200.0 -58 0.0008253643706726055
200.0 -56 0.0010028242056272932
200.0 -54 0.0012105151558245036
200.0 -52 0.0014517058697324178
200.0 -50 0.0017296042574093183
200.0 -48 0.0020472524525331098
200.0 -46 0.0024074070650625516
200.0 -44 0.0028124070650037457
200.0 -42 0.0032640327057274115
200.0 -40 0.0037633599660103247
200.0 -38 0.004310615994684532
200.0 -36 0.004905041904131984
200.0 -34 0.00554476989964233
200.0 -32 0.006226722074504032
200.0 -30 0.006946538178569189
200.0 -28 0.007698539229816474
200.0 -26 0.0084757329552612
200.0 -24 0.009269865718062193
200.0 -22 0.010071523841657232
200.0 -20 0.010870285141682477
200.0 -18 0.011654919116339571
200.0 -16 0.012413631747549116
200.0 -14 0.013134348371641614
200.0 -12 0.013805025744706684
200.0 -10 0.014413982410770198
200.0 -8 0.014950234927181937
200.0 -6 0.01540382653546253
200.0 -4 0.01576613457913192
200.0 -2 0.01603014341305401
200.0 0 0.016190670724723803
200.0 2 0.016244537050455685
200.0 4 0.016190670724723105
200.0 6 0.01603014341305229
200.0 8 0.01576613457912858
200.0 10 0.015403826535456388
200.0 12 0.014950234927170849
200.0 14 0.01441398241075037
200.0 16 0.013805025744671498
200.0 18 0.013134348371579528
200.0 20 0.01241363174744021
200.0 22 0.011654919116149649
200.0 24 0.01087028514135317
200.0 26 0.010071523841089587
200.0 28 0.0092698657170894
200.0 30 0.008475732953603848
200.0 32 0.007698539227009437
200.0 34 0.00694653817384297
200.0 36 0.006226722066593587
200.0 38 0.005544769886480913
200.0 40 0.004905041882364424
200.0 42 0.004310615958898453
200.0 44 0.003763359907530338
200.0 46 0.003264032610736804
200.0 48 0.0028124069116388863
200.0 50 0.0024074068189497023
200.0 52 0.002047252059980917
200.0 54 0.0017296036350995887
200.0 56 0.0014517048892198107
200.0 58 0.0012105136203999834
200.0 60 0.0010028218160355853
200.0 62 0.0008253606746887889
200.0 64 0.0006748895784592466
200.0 66 0.0005482685822140189
200.0 68 0.00044251475104934004
200.0 70 0.00035484328865075524
200.0 72 0.0002826948516000201
200.0 74 0.00022375074333731216
200.0 76 0.0001759378396639671
200.0 78 0.00013742513422287684
200.0 80 0.00010661372945425635
200.0 82 8.21219594025376e-05
200.0 84 6.276713819084405e-05
200.0 86 4.754520284585682e-05
200.0 88 3.560927954453452e-05
200.0 90 2.62479631215004e-05
200.0 92 1.886387232261728e-05
200.0 94 1.2952836134433333e-05
200.0 96 8.083885080801363e-06
200.0 98 3.880068896493223e-06
200.0 100 0.0


