10000 0.2007346410207056
20000 -0.6212150281492304
30000 -1.130334092038548
40000 -0.9185307179586211
50000 -0.5886792387986316
60000 -0.6513977690974264
70000 -0.6935109528932839
80000 -0.11105920639998353
90000 -1.037796076937969
100000 -0.9969566017252043
110000 -0.962399774027581
120000 -0.4939763603568052
130000 -0.5520514103559986
140000 0.0027487750016664926
150000 0.6018666766519292
160000 1.1229385640827871
170000 1.1963042777039015
180000 0.4650932482600004
190000 0.7373325743548073
200000 0.5757188167625378
210000 0.3787013192918532
220000 0.361622975298725
230000 0.4205520426794796
240000 0.6894561192687969
250000 0.827673205103352
260000 0.6862300991809289
270000 0.519583547195426
280000 0.6086305117021338
290000 0.531330923393337
300000 0.41298997085749584
310000 0.4638798812829741
320000 0.9304656405341827
330000 0.9581657460031737
340000 0.47761975144487134
350000 0.47763257753821675
360000 0.21774117945749794
370000 0.05050036331933416
380000 -0.25502564241412207
390000 -0.4886068820160341
400000 -0.9313879096338938
410000 -0.8198934650464348
420000 -1.1432559057563347
430000 -1.0565726861842373
440000 -0.9177516571654755
450000 -1.0326074197759254
460000 -0.6555573857525314
470000 -0.8643189042342916
480000 -1.063008255708292
490000 -0.7605717985694316
500000 -0.39644195523926057
510000 -0.28041075087180173
520000 0.0385795835117505
530000 -0.19794536728419276
540000 -0.14701420817215444
550000 -0.221082910161547
560000 0.0696402480624502
570000 -0.09511804106141568
580000 0.005594859327783626
590000 -0.10371580047162038
600000 -0.10791700661171337
610000 0.15426051051598394
620000 0.4375850009822462
630000 0.5601789260777257
640000 0.7158771281655874
650000 0.4673320779330423
660000 0.24230391454617378
670000 0.45559685114628073
680000 0.3650107301041748
690000 0.5791390473214444
700000 0.49379972036707404
710000 0.6802821771238303
720000 0.44463984010507185
730000 0.3574002172204719
740000 0.5085094203878074
750000 0.4220543716822996
760000 0.23582018580835076
770000 0.08393964078676536
780000 -0.27884563878731855
790000 -0.1374816190996727
800000 -0.5121969417345449
810000 -0.6556104530360152
820000 -0.6382676548964229
830000 -0.48505098653024603
840000 -0.5868195652698586
850000 -0.791531029222198
860000 -0.8256562285736005
870000 -0.9194529548320923
880000 -0.9567756942850486
890000 -0.7944278077566984
900000 -0.827871885620595
910000 -0.6722805455097833
920000 -0.4933881646062093
930000 -0.5279824530427413
940000 -0.516839384142797
950000 -0.3129448509046639
960000 -0.32756561560100245
970000 -0.24457047400496684
980000 -0.48164125649875345
990000 -0.5675720444644289
1000000 -0.6886535897931978
1010000 -0.7408849161539621
1020000 -0.7886591139368186
1030000 -0.6980399711074743
1040000 -0.882875355727228
1050000 -0.7770958282807701
1060000 -0.5130456299882055
1070000 -0.48736989658401053
1080000 -0.5004336234480831
1090000 -0.5517006731391988
1100000 -0.5109786685222304
1110000 -0.41368622668750243
1120000 -0.4344437236463689
1130000 -0.5867262476483764
1140000 -0.5278832645594834
1150000 -0.5553547569096142
1160000 -0.3374810030683819
1170000 -0.34706176797682087
1180000 -0.2939682305229321
1190000 -0.20099326992015348
1200000 -0.26946517329522
1210000 0.029899233045993512
1220000 0.037085814025365205
1230000 0.06946109821626358
1240000 0.1985622363374898
1250000 0.1763658482143919
1260000 0.43230082883966514
1270000 0.5229457593072566
1280000 0.31236743026966696
1290000 0.38869870957975994
1300000 0.16273840777860216
1310000 0.043356513070231
1320000 0.17903648556851187
1330000 0.19923648685108142
1340000 0.1605449275398692
1350000 0.07050349085484936
1360000 0.16977598293720728
1370000 0.12820882476973244
1380000 0.2537919587978013
1390000 0.3513296174870119
1400000 0.13715583649949978
1410000 0.1198874323718568
1420000 0.3075028216579088
1430000 0.18941330303923776
1440000 0.23548235891475144
1450000 0.07528263321507585
1460000 0.24722719714448146
1470000 0.23984715668801182
1480000 0.33115930886644984
1490000 0.588983636203953
1500000 0.47929950883825306
1510000 0.7544576482325028
1520000 0.7390536578785403
1530000 0.6558486743394473
1540000 0.5667461464191237
1550000 0.7963011492728425
1560000 0.6528908417036888
1570000 0.5327500218160448
1580000 0.4165596239393646
1590000 0.2789010099436094
1600000 0.028266221512652998
1610000 0.11335212317906576
1620000 -0.031504604813926175
1630000 0.0657740210790561
1640000 0.025025371639772066
1650000 0.18070640248802
1660000 0.36338982716155055
1670000 0.3747382199889853
1680000 0.47243208580902457
1690000 0.48339648711523964
1700000 0.28568594300305405
1710000 0.3889073579059371
1720000 0.2841321532597659
1730000 0.4445462409627503
1740000 0.5524887798192761
1750000 0.5963192493287438
1760000 0.46201313135166305
1770000 0.43069553877367717
1780000 0.4895016146632671
1790000 0.5061257285690415
1800000 0.668750940937929
1810000 0.5212699567196628
1820000 0.3153055676779638
1830000 0.06316197103172806
1840000 -0.25248152631274967
1850000 -0.47819031089312003
1860000 -0.3302021391272872
1870000 -0.42579229991455153
1880000 -0.44794318311687953
1890000 -0.2808575427237836
1900000 -0.2800641723992678
1910000 -0.15771636752435328
1920000 -0.3275704228908863
1930000 -0.6203526384236284
1940000 -0.5095693414588773
1950000 -0.37930778791836933
1960000 -0.22114359713922838
1970000 -0.2376285558699244
1980000 -0.38763735506701813
1990000 -0.3610903645055877
2000000 -0.19325736003267122
2010000 -0.26890152983403715
2020000 -0.27662658755799674
2030000 -0.2478183421682781
2040000 -0.3647822899794798
2050000 -0.34707785275378333
2060000 -0.20404968615482966
2070000 -0.04225400786509363
2080000 -0.09757139478713749
2090000 -0.07791886934196762
2100000 -0.18809292128631958
2110000 0.0795141163055358
2120000 0.10684892948351081
2130000 0.175167023074822
2140000 0.21035396232293196
2150000 0.09806722733195317
2160000 0.016240284408301605
2170000 -0.04620097759405822
2180000 0.024392553912735312
2190000 0.2379194534446524
2200000 0.09449727019756965
2210000 0.029756062150216513
2220000 0.1478617399450026
2230000 0.36186688373568604
2240000 0.1579887830587265
2250000 0.19501961531065426
2260000 0.2824416391325616
2270000 0.19160122377914496
2280000 0.04023254800637267
2290000 0.07719899597610362
2300000 -0.015233836223848034
2310000 -0.03883875197707933
2320000 -0.0807247843459077
2330000 -0.1643588290998416
2340000 -0.1273508887975078
2350000 -0.30446495376443505
2360000 -0.34543184658270804
2370000 -0.27709933753524496
2380000 -0.1597922933445191
2390000 -0.21374521255163031
2400000 -0.19776009094066307
2410000 -0.21791506345430528
2420000 -0.3305542201111858
2430000 -0.4504282951936292
2440000 -0.3879996058034327
2450000 -0.2696067377704213
2460000 -0.34807087198916137
2470000 -0.2836903400940418
2480000 -0.38721126041770776
2490000 -0.25710664244969245
2500000 -0.322320826473804
2510000 -0.37465207205208895
2520000 -0.41921743456891675
2530000 -0.38816459339239334
2540000 -0.5203742715196379
2550000 -0.5418509969836779
2560000 -0.44074574366916863
2570000 -0.3849487084600789
2580000 -0.40407855258623193
2590000 -0.42562138693958024
2600000 -0.3156059687927895
2610000 -0.2530568602209191
2620000 -0.06718746034804614
2630000 -0.1015453852719941
2640000 -0.1874717116549483
2650000 0.10778912760442982
2660000 0.11989415620022432
2670000 0.21273687331602043
2680000 -0.04905813034843979
2690000 -0.1464757892112241
2700000 0.05832351083942149
2710000 0.02181302534298045
2720000 0.01696672260185693
2730000 -0.06048904217481594
2740000 0.004911007552777023
2750000 -0.05776798883619532
2760000 -0.04558043621473489
2770000 -0.023823642716079323
2780000 -0.011741492116943869
2790000 -0.1266238426173595
2800000 -0.08571585044795019
2810000 0.040949226893050784
2820000 0.22433163556246744
2830000 0.1455127536710276
2840000 0.0645987835001894
2850000 0.0360961229585735
2860000 0.09757289200781023
2870000 0.05730698969309302
2880000 0.24109846412256225
2890000 0.16778301499873471
2900000 0.09707019739167483
2910000 0.17667094391489127
2920000 0.2162051473857684
2930000 0.12707945131530693
2940000 0.17123009095086175
2950000 0.15468016627183673
2960000 0.18236079459458354
2970000 0.31671621316770177
2980000 0.4390352228084333
2990000 0.2995473370250584
3000000 0.2598302709445623
3010000 0.25482952078395904
3020000 0.1876990424392805
3030000 0.3482870531852968
3040000 0.3684032913750263
3050000 0.3495177744320386
3060000 0.36956802645140485
3070000 0.3781392436860764
3080000 0.4117549151971746
3090000 0.24501690124285208
3100000 0.11516782007464153
3110000 0.29647952407811623
3120000 0.3775695526288317
3130000 0.3453543767661613
3140000 0.41933737860122505
3150000 0.48857871199821945
3160000 0.3033319428762724
3170000 0.1928098175256451
3180000 0.0467468552853146
3190000 0.004162828007501518
3200000 -0.11655028460438448
3210000 -0.24135220500282195
3220000 -0.12279322206473649
3230000 -0.10698249905276551
3240000 -0.1356653505167671
3250000 -0.3528582001626773
3260000 -0.3500605078357119
3270000 -0.30082010033365914
3280000 -0.4328384505812386
3290000 -0.4343449100846649
3300000 -0.45126129200448456
3310000 -0.5077023031008971
3320000 -0.5398260739013627
3330000 -0.466639102310248
3340000 -0.6519395421078548
3350000 -0.48483269017873004
3360000 -0.5451716066603609
3370000 -0.7121004182236805
3380000 -0.7588719655390803
3390000 -0.6838468977460581
3400000 -0.6676155264500279
3410000 -0.8138923744943124
3420000 -0.6763958836910364
3430000 -0.44211142249399216
3440000 -0.4716219183014801
3450000 -0.37829667336136985
3460000 -0.5303894576386937
3470000 -0.5510583437799399
3480000 -0.4944767909776951
3490000 -0.45732897340696993
3500000 -0.3326266945098038
3510000 -0.24030650892653732
3520000 -0.325206051720411
3530000 -0.47373495494888795
3540000 -0.3603495901105
3550000 -0.4680746649129887
3560000 -0.4843378245471409
3570000 -0.44551368230163024
3580000 -0.4321678002392131
3590000 -0.41674886782504716
3600000 -0.6164085135991145
3610000 -0.5818312942907244
3620000 -0.70082263178747
3630000 -0.8677745289118268
3640000 -0.944116283391731
3650000 -1.0055945042122083
3660000 -1.0376347371838488
3670000 -0.8566152152904883
3680000 -0.8866894104654783
3690000 -0.8979427762529579
3700000 -0.8197487906555976
3710000 -0.9328234307522312
3720000 -0.7511011078343981
3730000 -0.868109480949666
3740000 -0.8710468440907001
3750000 -0.7438456781049434
3760000 -0.8150174640785248
3770000 -0.7067725352303504
3780000 -0.7531189399265625
3790000 -0.6596271976475274
3800000 -0.5479153470512109
3810000 -0.5410104025673865
3820000 -0.6651054826848767
3830000 -0.7561747963113027
3840000 -0.9123276541949445
3850000 -0.9722622649063503
3860000 -0.9404254529339184
3870000 -0.9371389888834836
3880000 -0.7815606435688978
3890000 -0.723731918506035
3900000 -0.6944095592531055
3910000 -0.5640190818186084
3920000 -0.6056885122255836
3930000 -0.6613768940896915
3940000 -0.6322876469713427
3950000 -0.6656643250277634
3960000 -0.7311188871947392
3970000 -0.7141002917689326
3980000 -0.7773263949124135
3990000 -0.7362648185873453
4000000 -0.8093071795860496
4010000 -0.7483356119280763
4020000 -0.6615818232167029
4030000 -0.5531266332139119
4040000 -0.6379782950094958
4050000 -0.47218154974780213
4060000 -0.49737039392729543
4070000 -0.534394384581789
4080000 -0.4742938649978359
4090000 -0.3174254193848961
4100000 -0.3426827670669683
4110000 -0.48626236510595316
4120000 -0.5250488603172142
4130000 -0.5794882704847747
4140000 -0.5630247346627354
4150000 -0.6506684452274881
4160000 -0.5282578987324724
4170000 -0.5922288183646393
4180000 -0.5699629505495979
4190000 -0.5047602880939347
4200000 -0.623182986969041
4210000 -0.6165581782727865
4220000 -0.5398518522258341
4230000 -0.6169722945452711
4240000 -0.6006680522640754
4250000 -0.590223907464704
4260000 -0.5681770862469383
4270000 -0.8288001477320944
4280000 -0.8761326712856446
4290000 -0.946530546410929
4300000 -1.0225527128694194
4310000 -0.9423343611852895
4320000 -0.9104157047229937
4330000 -0.9208621680563585
4340000 -0.9812073573950617
4350000 -0.9934686330255458
4360000 -1.074666557721328
4370000 -0.9700743026171401
4380000 -0.8504321928832381
4390000 -0.7654277596266218
4400000 -0.808381717053404
4410000 -0.8779058718991095
4420000 -0.8959033198168344
4430000 -0.9290648994667048
4440000 -0.9887293126531269
4450000 -1.0160256584833758
4460000 -1.1266004296310503
4470000 -0.9815177312326081
4480000 -0.9728276773699659
4490000 -0.9018635582495517
4500000 -0.8329440479998763
4510000 -0.8037326047953145
4520000 -0.8159785653107914
4530000 -0.8432333718252618
4540000 -0.8910793288172105
4550000 -0.820681671464332
4560000 -0.7335810099350993
4570000 -0.6223474566365776
4580000 -0.5973353349252809
4590000 -0.6097192787223208
4600000 -0.6612421962480141
4610000 -0.6344086085900664
4620000 -0.5108635528866574
4630000 -0.48425201742020424
4640000 -0.5635448032306605
4650000 -0.5777440914424151
4660000 -0.5974724362429703
4670000 -0.7208140161670699
4680000 -0.7311035490349008
4690000 -0.5418928870690992
4700000 -0.5486624615092889
4710000 -0.658632019949782
4720000 -0.6652647289495355
4730000 -0.6387785109310097
4740000 -0.7336081591246191
4750000 -0.7456491066054214
4760000 -0.7026636468652259
4770000 -0.5901731534807174
4780000 -0.4925553496409136
4790000 -0.44814384518751904
4800000 -0.5060669931404013
4810000 -0.5565747698144197
4820000 -0.46668809468157224
4830000 -0.5444340129627501
4840000 -0.4438378975447854
4850000 -0.43063259321258074
4860000 -0.22875351347484285
4870000 -0.13423144623310268
4880000 -0.19924632499830883
4890000 -0.1809206455062158
4900000 -0.13552735547216394
4910000 -0.21658898251458616
4920000 -0.15141542592988555
4930000 -0.1584347336559518
4940000 -0.21403147787846555
4950000 -0.22996295220829982
4960000 -0.1991651300545972
4970000 -0.2330223677818224
4980000 -0.03379421452631691
4990000 -0.06595907519179924
5000000 -0.18571347255276066
5010000 -0.30522878567782896
5020000 -0.2816830969387214
5030000 -0.34914364876568676
5040000 -0.26145904157917665
5050000 -0.2593873752256386
5060000 -0.37112594261870685
5070000 -0.299668638828199
5080000 -0.3561317662635567
5090000 -0.44794357623080727
5100000 -0.3571389515999146
5110000 -0.3479093517295195
5120000 -0.25561308203800137
5130000 -0.23237282890193345
5140000 -0.251521839637894
5150000 -0.23185643630302483
5160000 -0.16644595242106947
5170000 -0.10468066255730833
5180000 -0.11860728516644417
5190000 -0.10617008182642859
5200000 -0.1902332997948904
5210000 -0.14095037046779477
5220000 -0.04449175735085301
5230000 -0.1161292712390677
5240000 -0.09152260141893659
5250000 -0.005861920155305957
5260000 -0.05989088276998718
5270000 -0.1643476739031347
5280000 -0.26338426062392584
5290000 -0.3500597782632564
5300000 -0.1498862348288498
5310000 -0.12193951745593432
5320000 -0.18595914575773437
5330000 -0.3035690755514641
5340000 -0.23228316974679886
5350000 -0.2683505867317175
5360000 -0.31126183244575517
5370000 -0.33510596352197486
5380000 -0.31924200718713347
5390000 -0.3206370055784011
5400000 -0.28588184933864175
5410000 -0.27182805174562624
5420000 -0.1839201135177973
5430000 -0.2695473685571297
5440000 -0.19037866221640865
5450000 -0.24157480656170402
5460000 -0.27727072446377
5470000 -0.14529446036797
5480000 -0.13316944237917588
5490000 -0.2712965800680678
5500000 -0.2130279145578316
5510000 -0.20257887599426913
5520000 -0.08489062781187687
5530000 -0.03375340766404129
5540000 0.08017057072704668
5550000 0.12767084851726843
5560000 0.020715335511500208
5570000 0.1037757247697594
5580000 0.15620717973126752
5590000 0.26606675195073415
5600000 0.11711298161974174
5610000 0.16432600992300647
5620000 0.05284905755266543
5630000 -0.0314568874920065
5640000 -0.08361147294597357
5650000 -0.11379716880091843
5660000 -0.11366571755990593
5670000 -0.18408795527898997
5680000 -0.15200611816773008
5690000 -0.17196433542635647
5700000 -0.19858930270398495
5710000 -0.17160142024915748
5720000 -0.23999248132650297
5730000 -0.2414233062579174
5740000 -0.2545387941518336
5750000 -0.2142519556044949
5760000 -0.17236861550351534
5770000 -0.06394918475488516
5780000 -0.007294741910356513
5790000 -0.0006085360376778339
5800000 0.07084160577048158
5810000 0.035962020150076886
5820000 0.04922599026790278
5830000 0.08234679470263406
5840000 0.10051399131475698
5850000 0.03596035685645354
5860000 0.009521852285597645
5870000 -0.051542077310490514
5880000 -0.09435681141790594
5890000 -0.0942464078747383
5900000 -0.024971754027371656
5910000 0.04254018642825209
5920000 0.031026506479988315
5930000 0.09344942164245885
5940000 0.0687825718685482
5950000 -0.18706019481982117
5960000 -0.3064809675725409
5970000 -0.2570813783654634
5980000 -0.1636001622453959
5990000 -0.04085685054600887
6000000 -0.12897442811895277
6010000 -0.0962044363007191
6020000 -0.1547845758480268
6030000 -0.23607255651627546
6040000 -0.4018600047303193
6050000 -0.3673470278833181
6060000 -0.42875974762550334
6070000 -0.3666817076782857
6080000 -0.2527952477079254
6090000 -0.22338197147161493
6100000 -0.12437633936484561
6110000 -0.19868322857920714
6120000 -0.22436160988498163
6130000 -0.2596917256095742
6140000 -0.2659075908866782
6150000 -0.25437100457773626
6160000 -0.1332614066094178
6170000 -0.15888922569895864
6180000 -0.16838528674530123
6190000 -0.12159535356792797
6200000 -0.11022267872867378
6210000 -0.18233592857713657
6220000 -0.26556024264218864
6230000 -0.22365087389524108
6240000 -0.12416273007105043
6250000 -0.1528339744827356
6260000 -0.14948504859965747
6270000 -0.07585393384546604
6280000 -0.06618715854245225
6290000 -0.1330912192730846
6300000 -0.19670180640379512
6310000 -0.24906500415656033
6320000 -0.3538522201117321
6330000 -0.3376448334837449
6340000 -0.46284890304758536
6350000 -0.4132472591678991
6360000 -0.42399584323123896
6370000 -0.3665789208661523
6380000 -0.29499975351133406
6390000 -0.4466478242026306
6400000 -0.5506248677265067
6410000 -0.5185680787085425
6420000 -0.5781246730125214
6430000 -0.3946622364920573
6440000 -0.3549212334468172
6450000 -0.41289201061272734
6460000 -0.40782207006604326
6470000 -0.46880783103708223
6480000 -0.548555866043535
6490000 -0.4790182065757743
6500000 -0.38291610026261036
6510000 -0.2509043133153309
6520000 -0.2287517648364198
6530000 -0.27707274428362044
6540000 -0.2956015924831641
6550000 -0.32035402070596036
6560000 -0.36380972572579545
6570000 -0.39159396260481033
6580000 -0.3600803993491773
6590000 -0.43612923589111424
6600000 -0.33767924688060913
6610000 -0.3327276863315437
6620000 -0.30446413914642856
6630000 -0.29177814024484283
6640000 -0.47159675736767576
6650000 -0.6201223647718145
6660000 -0.6785269694193344
6670000 -0.6578552119013406
6680000 -0.5397130654242576
6690000 -0.5655714576010541
6700000 -0.5063981269791175
6710000 -0.5940107036923503
6720000 -0.6336590984935969
6730000 -0.6485787000556376
6740000 -0.594143097569375
6750000 -0.5598033363098899
6760000 -0.634745487307864
6770000 -0.5804419157498374
6780000 -0.6168540674549656
6790000 -0.657818066037176
6800000 -0.5913470370859483
6810000 -0.5878189439092317
6820000 -0.5214974986843504
6830000 -0.5425152833108201
6840000 -0.5910324962814202
6850000 -0.6440641093394216
6860000 -0.6160767271910725
6870000 -0.5850782499563875
6880000 -0.6013997279315018
6890000 -0.6161739388110283
6900000 -0.615699306756745
6910000 -0.60457398315145
6920000 -0.4915867511009833
6930000 -0.5124766770965684
6940000 -0.4801934739402121
6950000 -0.4251977067199128
6960000 -0.5628381362341647
6970000 -0.5124078419092841
6980000 -0.46962022425760724
6990000 -0.3572989122231147
7000000 -0.43109687739085323
7010000 -0.3884597173924774
7020000 -0.40929104881122075
7030000 -0.3441011059097674
7040000 -0.39357831310185803
7050000 -0.28028487573835653
7060000 -0.2469394178825208
7070000 -0.22718047538216374
7080000 -0.14581459997582474
7090000 -0.15770199475759122
7100000 -0.07950231829199599
7110000 -0.07941883862460691
7120000 -0.07933551553624461
7130000 -0.004351759860752529
7140000 -0.15252049342898072
7150000 -0.16136181550978657
7160000 -0.2972548253623944
7170000 -0.22531631274141806
7180000 -0.23707422993388574
7190000 -0.18019547653586085
7200000 -0.2366899742835825
7210000 -0.23798809564886805
7220000 -0.28840984540801223
7230000 -0.28967061724807014
7240000 -0.3652591995522331
7250000 -0.37983555290511223
7260000 -0.4077528484656385
7270000 -0.4178296955708344
7280000 -0.4946053273362934
7290000 -0.5164609887381655
7300000 -0.45390034716732286
7310000 -0.4017817333808391
7320000 -0.24032980833012918
7330000 -0.3095780664292447
7340000 -0.44074199197126657
7350000 -0.4138573677058362
7360000 -0.5197072482413737
7370000 -0.5694237286437323
7380000 -0.5263105768420865
7390000 -0.49649885991059545
7400000 -0.44761210329679996
7410000 -0.4164248101051023
7420000 -0.47632343031949514
7430000 -0.4348870154205125
7440000 -0.3788418174138806
7450000 -0.4195941857228353
7460000 -0.3738863393401817
7470000 -0.3458021719622009
7480000 -0.24170339810777655
7490000 -0.25759240037944064
7500000 -0.2457090416409414
7510000 -0.19881072843481187
7520000 -0.2540804036430419
7530000 -0.15622023441036062
7540000 -0.21290170084787954
7550000 -0.17925169514007946
7560000 -0.2736674703350424
7570000 -0.3548741365013894
7580000 -0.3807648676814456
7590000 -0.3543529416709021
7600000 -0.34828927976734403
7610000 -0.3886337055228163
7620000 -0.372412481342509
7630000 -0.3649012745185424
7640000 -0.37476585268219337
7650000 -0.42366517035125406
7660000 -0.3756684538791017
7670000 -0.4129491764885262
7680000 -0.39821997599247505
7690000 -0.3503340618353147
7700000 -0.22755252872454018
7710000 -0.20288885185396746
7720000 -0.2502388038174562
7730000 -0.2399795661180991
7740000 -0.21391821875771574
7750000 -0.1792695553816087
7760000 -0.07286982985947271
7770000 -0.06131663182693963
7780000 -0.04117390172112682
7790000 -0.023923359845700435
7800000 0.027678555857890058
7810000 0.017667930021299443
7820000 -0.02808980606417715
7830000 0.037710626361141114
7840000 -0.05228719427794459
7850000 -0.08506386732813614
7860000 -0.11351858945469953
7870000 -0.059238109877882784
7880000 -0.07057386780814899
7890000 0.07332483251313775
7900000 0.14588448988034733
7910000 0.31079777352868593
7920000 0.21397661375679608
7930000 0.2394356928383291
7940000 0.2620236887363453
7950000 0.32856162594050364
7960000 0.2759240076408987
7970000 0.2771937466870116
7980000 0.320941542134613
7990000 0.24435132260224188
8000000 0.11270266745305564
8010000 0.17767145482490357
8020000 0.08860230011583281
8030000 0.17467876843185529
8040000 0.18306015973960627
8050000 0.19707046267401793
8060000 0.26742104457729676
8070000 0.32501189961833765
8080000 0.2488480258763821
8090000 0.25997060801698124
8100000 0.2738904628054122
8110000 0.2611060379672951
8120000 0.3423870288376773
8130000 0.34220215890401584
8140000 0.38968562090672415
8150000 0.4427154876983575
8160000 0.42706676944829175
8170000 0.355460462774575
8180000 0.434987138875529
8190000 0.4431334469782794
8200000 0.5197161485388868
8210000 0.4077444071095094
8220000 0.48146542674709486
8230000 0.3933567615094815
8240000 0.3750285357542245
8250000 0.35533005626461917
8260000 0.3259131236958279
8270000 0.30905032922756104
8280000 0.3783939834763288
8290000 0.4198689292957357
8300000 0.38631933328106316
8310000 0.4221895055701048
8320000 0.40115992136803313
8330000 0.4120318534496115
8340000 0.3702575947363674
8350000 0.3409918417947256
8360000 0.29377666282907744
8370000 0.2217311919627473
8380000 0.18569802851255188
8390000 0.17042220490054114
8400000 0.10686004896631207
8410000 0.21716665856525985
8420000 0.212927505730173
8430000 0.19904974730860397
8440000 0.24990078019936696
8450000 0.3172041883427395
8460000 0.21527502116701852
8470000 0.18081273867624048
8480000 0.24941160559452474
8490000 0.24517150027650414
8500000 0.35343954309384384
8510000 0.3272045394500682
8520000 0.3174449880777617
8530000 0.39534972467388296
8540000 0.4321001655635422
8550000 0.43871238135227675
8560000 0.5560579381960554
8570000 0.6295427116149359
8580000 0.6360287059260585
8590000 0.5715386769012686
8600000 0.5630474092986384
8610000 0.576377341390527
8620000 0.5297461569161355
8630000 0.6492863476216079
8640000 0.6815953506548081
8650000 0.6825862703136479
8660000 0.6604689323547839
8670000 0.6030570875977168
8680000 0.6611151437775725
8690000 0.6892546151368008
8700000 0.7268548407663541
8710000 0.7766102471516246
8720000 0.7788988352991276
8730000 0.8678279291222387
8740000 0.8903575106777989
8750000 0.9804739610153227
8760000 0.9407462232289462
8770000 0.9510401661868384
8780000 1.0193698755134621
8790000 0.9972279787478537
8800000 0.9926407764516785
8810000 1.0433121080835046
8820000 1.0562139308149534
8830000 1.1067924740901012
8840000 1.0295062932424202
8850000 1.0155033286497928
8860000 1.0606448580240524
8870000 0.9875457710029082
8880000 0.96822184721475
8890000 0.8791590181817932
8900000 0.9296401107860852
8910000 0.9063620350194879
8920000 0.9259679255866949
8930000 0.9642918250217388
8940000 1.0333425375496716
8950000 0.97663343949449
8960000 0.9814580584788832
8970000 1.0370289241162156
8980000 1.0698463004642826
8990000 1.1453178738052334
9000000 1.1287058972877517
9010000 1.0894586318918298
9020000 1.0848834495722863
9030000 1.0084333707104065
9040000 1.0970353624562368
9050000 1.045927008697549
9060000 1.0506896776868875
9070000 1.0567755907960747
9080000 1.0376336327953568
9090000 1.06096797923175
9100000 1.073669093548351
9110000 0.9525054107076122
9120000 0.9824716311741968
9130000 1.00843388672647
9140000 1.0555373423613783
9150000 1.023248053766167
9160000 0.9645615961107183
9170000 1.0446356781492843
9180000 1.06521394378408
9190000 1.0950064687829515
9200000 1.089160371378306
9210000 1.042461557314633
9220000 1.005035036204958
9230000 0.9584330690086155
9240000 0.896091004585491
9250000 0.9074673820214312
9260000 0.8978000273588321
9270000 0.8014343921097664
9280000 0.7747652975979704
9290000 0.7861835161238698
9300000 0.8290693181194982
9310000 0.7473693008134287
9320000 0.6854108604603378
9330000 0.7859021705665163
9340000 0.8588004165682865
9350000 0.863597627000482
9360000 0.8853866880080293
9370000 0.8352818678005741
9380000 0.9772195361106417
9390000 0.9936925790740718
9400000 1.04537408573417
9410000 1.1100405642288054
9420000 1.11468823186998
9430000 1.1323570743572495
9440000 1.2372340784608094
9450000 1.2756391847745252
9460000 1.168346665286005
9470000 1.179451935807616
9480000 1.1684604410572885
9490000 1.2340897013049978
9500000 1.1945307032238148
9510000 1.1225864332643791
9520000 1.1712839774799755
9530000 1.1966076308328664
9540000 1.206364480965405
9550000 1.2562368980542873
9560000 1.254309766014804
9570000 1.2355757788987998
9580000 1.2259080837857133
9590000 1.2097924718802258
9600000 1.2517887347046581
9610000 1.1840641942218344
9620000 1.169286132639331
9630000 1.1841703262625307
9640000 1.2428420414909946
9650000 1.2924397407385735
9660000 1.2120015474809747
9670000 1.2242614614152687
9680000 1.0809455388818627
9690000 1.0996860085263147
9700000 1.140240924940252
9710000 1.060090214264171
9720000 1.039040314090132
9730000 1.0718706612104965
9740000 1.049555212280637
9750000 1.0336680653364076
9760000 1.0280404266481653
9770000 1.1068799035349792
9780000 1.0590121790404532
9790000 1.1032388498897674
9800000 1.0349783806189947
9810000 1.0664017323237343
9820000 1.161615909895145
9830000 1.2018739981680138
9840000 1.1604816444610986
9850000 1.1433472478220863
9860000 1.2154006978878906
9870000 1.2135350072008333
9880000 1.2613017286039223
9890000 1.1551174042525736
9900000 1.206679834198125
9910000 1.2276951097762379
9920000 1.201699455287094
9930000 1.1744609364057155
9940000 1.208148833928584
9950000 1.2126372020306861
9960000 1.1993770885189863
9970000 1.1354580753877608
9980000 1.18682561360086
9990000 1.2001756850132834
