0 0 0
1 0.0 0.7


1 0.0 0.7
2 0.0 0.65


2 0.0 0.65
3 0.0 0.675


3 0.0 0.675
4 0.1755 0.90925


4 0.1755 0.90925
5 -0.0556575 1.01396


5 -0.0556575 1.01396
6 -0.002782875 0.608376


6 -0.002782875 0.608376
7 0.16914864375 1.27446491875


7 0.16914864375 1.27446491875
8 0.0084574321875 0.76467895125


8 0.0084574321875 0.76467895125
9 0.000422871609375 0.45880737075


9 0.000422871609375 0.45880737075
10 -0.0686223559561 1.29277098389


10 -0.0686223559561 1.29277098389
11 0.307299066309 1.12477682959


11 0.307299066309 1.12477682959
12 0.0153649533155 0.437611585205


12 0.0153649533155 0.437611585205
13 -0.0585738592556 0.772284734171


13 -0.0585738592556 0.772284734171
14 -0.143372423976 1.41440203228


14 -0.143372423976 1.41440203228
15 -0.00716862119879 0.292798983861


15 -0.00716862119879 0.292798983861
16 -0.0472890995426 1.22175690762


16 -0.0472890995426 1.22175690762
17 -0.00236445497713 0.389121546191


17 -0.00236445497713 0.389121546191
18 -0.0594558812181 0.746944050112


18 -0.0594558812181 0.746944050112
19 0.183578305107 1.35098879285


19 0.183578305107 1.35098879285
20 0.428359974287 1.054554119


20 0.428359974287 1.054554119
21 0.45409526014 0.876985785889


21 0.45409526014 0.876985785889
22 0.440816981909 1.28111978861


22 0.440816981909 1.28111978861
23 0.0106078433859 1.25874414262


23 0.0106078433859 1.25874414262
24 0.000530392169296 0.370627928691


24 0.000530392169296 0.370627928691
25 0.0965860261707 0.814709020635


25 0.0965860261707 0.814709020635
26 0.00482930130854 0.488825412381


26 0.00482930130854 0.488825412381
27 0.129122913769 0.84984562238


27 0.129122913769 0.84984562238
28 0.293479627187 1.35014980163


28 0.293479627187 1.35014980163
29 -0.0645870454665 1.71695445331


29 -0.0645870454665 1.71695445331
30 -0.00322935227332 0.141522773347


30 -0.00322935227332 0.141522773347
31 0.0354395931154 0.745002333033


31 0.0354395931154 0.745002333033
32 -0.0954481371219 0.896922327868


32 -0.0954481371219 0.896922327868
33 -0.178444492256 0.903605711112


33 -0.178444492256 0.903605711112
34 0.159990798142 1.04257334273


34 0.159990798142 1.04257334273
35 -0.0811903262836 1.56507923963


35 -0.0811903262836 1.56507923963
36 0.372820665265 1.21359117849


36 0.372820665265 1.21359117849
37 -0.0068129640981 1.67308780806


37 -0.0068129640981 1.67308780806
38 -0.254165264335 1.80153867549


38 -0.254165264335 1.80153867549
39 -0.389688475561 1.81343814877


39 -0.389688475561 1.81343814877
40 0.340196637164 1.91346928584


40 0.340196637164 1.91346928584
41 0.682055954015 1.77601201934


41 0.682055954015 1.77601201934
42 0.79056742564 1.6286914202


42 0.79056742564 1.6286914202
43 0.75549808802 0.928195741287


43 0.75549808802 0.928195741287
44 0.208299759296 1.24735863602


44 0.208299759296 1.24735863602
45 0.411799144269 1.01377626141


45 0.411799144269 1.01377626141
46 0.460930985231 1.35324953157


46 0.460930985231 1.35324953157
47 0.577110192488 1.4937295429


47 0.577110192488 1.4937295429
48 0.0471823590348 1.82547514074


48 0.0471823590348 1.82547514074
49 0.531421453792 1.80966822357


49 0.531421453792 1.80966822357
50 0.693710748722 1.07499964048


50 0.693710748722 1.07499964048
51 0.15785699834 1.27904705538


51 0.15785699834 1.27904705538
52 -0.117664269088 1.66403545298


52 -0.117664269088 1.66403545298
53 0.415334291126 1.77823202111


53 0.415334291126 1.77823202111
54 0.0207667145563 1.06693921267


54 0.0207667145563 1.06693921267
55 -0.150488193204 1.01353591949


55 -0.150488193204 1.01353591949
56 0.200314297922 1.06686700266


56 0.200314297922 1.06686700266
57 -0.0678854733555 1.0835320372


57 -0.0678854733555 1.0835320372
58 -0.193757123324 0.985266839528


58 -0.193757123324 0.985266839528
59 -0.00968785616619 0.591160103717


59 -0.00968785616619 0.591160103717
60 0.149632727377 0.88665038181


60 0.149632727377 0.88665038181
61 -0.0641665026783 0.995283908765


61 -0.0641665026783 0.995283908765
62 -0.00320832513392 0.597170345259


62 -0.00320832513392 0.597170345259
63 -0.0910834646018 1.35026612974


63 -0.0910834646018 1.35026612974
64 -0.245349147823 1.65162758551


64 -0.245349147823 1.65162758551
65 -0.363058237303 1.75197423078


65 -0.363058237303 1.75197423078
66 -0.429802923777 1.12415749515


66 -0.429802923777 1.12415749515
67 -0.0214901461888 0.437921252425


67 -0.0214901461888 0.437921252425
68 -0.00107450730944 0.262752751455


68 -0.00107450730944 0.262752751455
69 0.0731087322644 1.11850736498


69 0.0731087322644 1.11850736498
70 0.00365543661322 0.671104418989


70 0.00365543661322 0.671104418989
71 0.176022432315 0.906762967072


71 0.176022432315 0.906762967072
72 0.329583276676 1.3640377271


72 0.329583276676 1.3640377271
73 0.52365137256 1.53142115803


73 0.52365137256 1.53142115803
74 0.618103077562 0.991462578593


74 0.618103077562 0.991462578593
75 0.0309051538781 0.594877547156


75 0.0309051538781 0.594877547156
76 0.00154525769391 0.356926528293


76 0.00154525769391 0.356926528293
77 0.0934499055877 0.810106383578


77 0.0934499055877 0.810106383578
78 0.267013246805 1.34118539621


78 0.267013246805 1.34118539621
79 -0.0783517159019 1.21378561681


79 -0.0783517159019 1.21378561681
80 -0.00391758579509 0.393107191593


80 -0.00391758579509 0.393107191593
81 -0.000195879289755 0.803446404204


81 -0.000195879289755 0.803446404204
82 -0.120607065104 0.905233240674


82 -0.120607065104 0.905233240674
83 0.201604269394 1.43750672458


83 0.201604269394 1.43750672458
84 0.489191718722 1.59647695871


84 0.489191718722 1.59647695871
85 -0.00955143600761 1.85368291484


85 -0.00955143600761 1.85368291484
86 -0.28254161215 1.87692308011


86 -0.28254161215 1.87692308011
87 -0.414333019727 1.84027561958


87 -0.414333019727 1.84027561958
88 -0.466634532012 1.13771485775


88 -0.466634532012 1.13771485775
89 -0.385309113388 0.850344178459


89 -0.385309113388 0.850344178459
90 -0.308646910061 1.39164200568


90 -0.308646910061 1.39164200568
91 0.23219521925 1.23943544028


91 0.23219521925 1.23943544028
92 0.419775206558 1.00295665975


92 0.419775206558 1.00295665975
93 0.437074318289 0.863995242227


93 0.437074318289 0.863995242227
94 0.429860624688 1.27952927943


94 0.429860624688 1.27952927943
95 0.005806495442 1.25386676981


95 0.005806495442 1.25386676981
96 -0.185350962614 1.62761114755


96 -0.185350962614 1.62761114755
97 -0.33125662456 1.75208701832


97 -0.33125662456 1.75208701832
98 -0.016562831228 0.123956490838


98 -0.016562831228 0.123956490838
99 -0.000828141561401 0.0743738945025


99 -0.000828141561401 0.0743738945025
100 0.0204685895893 1.03367528792


100 0.0204685895893 1.03367528792
101 0.277352382486 1.0132753329


